Shape,ESD,CSF,Wt,Wt_Meas,Time,Distance,Timestep,Re_Meas,Re_Calc,Cd_Meas,Cd_Calc
Fragment,0.001700925,0.179853784100379,0.03537142470387,0.040572985,0.0666,0.00201336678000626,0.0002,70.56401359,84.2790108111138,5.000583972,6.57707858367181
Fragment,0.002086938,0.314547798915943,0.0682281860336457,0.056497175,0.1292,0.00753646241228071,0.0002,120.5583645,199.459664543372,3.164211244,2.16885729978926
Fragment,0.000996582,0.0977562885497524,0.0202125834671007,0.01843318,0.038,0.00065587083945626,0.0002,18.78341076,28.2173728975765,14.19456233,11.8011444963715
Fragment,0.001368883,0.217466712599566,0.0313098328395133,0.033613445,0.0592,0.00158431421670789,0.0002,47.04791549,60.0383559635855,5.863401305,6.75550531719981
Fragment,0.00194646,0.110425679175415,0.0406825720724233,0.039215686,0.0766,0.00266363755416107,0.0002,78.04884112,110.926573572027,6.125412255,5.6895880519362
Fragment,0.001837442,0.614153320087042,0.0648642937705922,0.056497175,0.1236,0.00685684702215547,0.0002,106.1454753,166.95562107767,2.785926202,2.11276931117608
Fragment,0.001903832,0.607812939702285,0.0691232238986037,0.05988024,0.1316,0.00777865232165426,0.0002,116.5663892,184.346255290202,2.569632877,1.92765250562888
Fragment,0.002284278,0.737568823367241,0.114026170416537,0.089686099,0.2204,0.0215120322808225,0.0002,209.476473,364.867522836649,1.374384276,0.849938849438049
Fragment,0.001596692,0.133253919503848,0.0384057078194502,0.040733198,0.0726,0.00238335077513326,0.0002,66.50141243,85.9010822174084,4.657294292,5.23696916103008
Fragment,0.00168307,0.111830014655198,0.030734258687185,0.032906643,0.0574,0.00150647105138037,0.0002,56.63006065,72.4613854939034,7.522195588,8.62000877785901
Fragment,0.001939073,0.0792132220091512,0.0365250359460995,0.03868472,0.0684,0.00213426259706273,0.0002,76.69989409,99.2125297619041,6.270825697,7.03175897473793
Fragment,0.002212588,0.148827730530593,0.0290631314265477,0.037160643,0.0534,0.00132375764553526,0.0002,84.07075934,90.0792311824327,7.754318723,12.672649804527
Fragment,0.001817967,0.101895842990547,0.0335613535975135,0.037174721,0.0628,0.00180037802503648,0.0002,69.10268019,85.4687153807636,6.366489908,7.80834790946744
Fragment,0.002582853,0.358169503538659,0.0690241306755446,0.06779661,0.13,0.00767033644031861,0.0002,179.0477572,249.736687825337,2.719526337,2.6226863130299
Fragment,0.001762887,0.112834350130696,0.032007763505669,0.035735849,0.0598,0.00163467491592263,0.0002,64.4153994,79.042654551134,6.680757556,8.32463710267394
Fragment,0.001474584,0.0657038766404651,0.0228604820702462,0.025247956,0.0424,0.00082734053332291,0.0002,38.06772521,47.2211559279229,11.1950633,13.6507486355912
Fragment,0.002184712,0.14238330576472,0.0345696678587268,0.037735849,0.0642,0.00189477739392344,0.0002,84.29647367,105.796454441263,7.424981092,8.84412623552716
Fragment,0.002633403,0.592065410276255,0.102845114536144,0.084388186,0.1942,0.0170689014100548,0.0002,227.2271198,379.387226402976,1.789631179,1.20447418170814
Fragment,0.002795438,0.62987610365005,0.0948339847751592,0.101010101,0.178,0.0144225744393725,0.0002,288.7193467,371.360387405629,1.325958076,1.50372870585461
Fragment,0.002720295,0.832775408553888,0.11320061754284,0.104712042,0.2142,0.0207252183639987,0.0002,291.2552583,431.366596361164,1.200693646,1.0269904484452
Fragment,0.001862402,0.331932435701896,0.0380732257155103,0.035273369,0.1114,0.00359931152707036,0.0002,42.43468715,55.1954901361447,4.014904573,3.44409034856911
Fragment,0.001823016,0.288073635876191,0.0392343631684454,0.035971223,0.1154,0.00384382654730061,0.0002,42.35905822,55.6759427303386,3.778989772,3.17467451100993
Fragment,0.001589028,0.244162329384844,0.0335532657969762,0.027020681,0.099,0.00282021431320687,0.0002,27.7350146,41.5027465726749,5.837603088,3.78358436584961
Fragment,0.001887135,0.281534172714555,0.0465710339216404,0.035898305,0.1382,0.00546691544433277,0.0002,43.76003465,68.4115358552155,3.927813493,2.33244001886018
Fragment,0.001762689,0.227494364831381,0.0344445374083081,0.029895366,0.1008,0.00294684259977091,0.0002,34.03926738,47.2613956288855,5.290096612,3.98271219118807
Fragment,0.002326884,0.357770418917705,0.0542510691036808,0.045045045,0.1592,0.0073319084184159,0.0002,67.70525074,98.2637934060485,3.075929004,2.11932949620516
Fragment,0.001572976,0.151910544045107,0.0234512017366685,0.023557126,0.0678,0.00134828647804,0.0002,23.93563716,28.7142640905943,7.602792007,7.66718030249999
Fragment,0.001931166,0.203758372039665,0.0362259860832376,0.028409091,0.1054,0.00323952134057862,0.0002,35.43868486,54.4565738296659,6.41801341,3.94477164424088
Fragment,0.002105099,0.254068514462169,0.0368987395434028,0.033167496,0.1068,0.00334282182284972,0.0002,45.1009592,60.4636759834848,5.132663125,4.14469985553846
Fragment,0.001903886,0.198345794339446,0.0346145449225582,0.030769231,0.1006,0.0029543143960344,0.0002,37.84061887,51.299136872982,5.393905662,4.25958206527797
Fragment,0.003009733,0.194618364326994,0.0487639542003038,0.040241449,0.1396,0.00577071369384037,0.0002,78.23520109,114.245045807948,4.985129165,3.39289316983681
Fragment,0.00252976,0.146375397879432,0.0317565642605241,0.035735849,0.0906,0.00243865327298905,0.0002,58.39612919,62.5350242645345,5.31332986,6.72443985777006
Fragment,0.003482348,0.155076239361521,0.0534502381727229,0.046082949,0.1526,0.00691397786165209,0.0002,103.6604469,144.887962518635,4.398324944,3.26748559662422
Fragment,0.002552543,0.15210265891292,0.0298336778201793,0.033900369,0.0848,0.00214360271471652,0.0002,55.89565457,59.2775647595376,5.957441725,7.68780067770501
Fragment,0.00305554,0.139544326572798,0.0402755870402042,0.04,0.1148,0.00391862112451439,0.0002,78.94936371,95.7944490580818,5.122284464,5.049455491089
Fragment,0.002679545,0.262446090574843,0.0569276998494846,0.0456621,0.1652,0.00797790835812391,0.0002,79.03464949,118.739490993879,3.447028777,2.216428836466
Fragment,0.002894656,0.107976997051811,0.0448450122339672,0.038910506,0.1284,0.00488148838857165,0.0002,72.75526401,101.04657507272,5.128127612,3.85842176090803
Fragment,0.002893857,0.156845720807416,0.0368993290355043,0.03649635,0.1052,0.00329015955433277,0.0002,68.22243129,83.1200942818577,5.827387715,5.69747649369444
Fragment,0.002787807,0.184092479996992,0.0508264852470054,0.043103448,0.1462,0.00630045415165005,0.0002,77.62031085,110.296891784025,4.024707892,2.89282776272155
Fragment,0.002904201,0.246427092654357,0.056419400170174,0.04784689,0.1626,0.00777932489856472,0.0002,89.75962839,127.545642707053,3.402631649,2.44574040592602
Fragment,0.001740289,0.254488461543747,0.0356034871710659,0.03327787,0.104,0.00314333024173584,0.0002,37.4091264,48.2814556847351,4.241101031,3.70299295875164
Fragment,0.001925098,0.257537815659095,0.0575087722364595,0.040968577,0.1724,0.00843135452251158,0.0002,50.94532483,86.2687255612144,3.095418183,1.56999213731522
Fragment,0.001806142,0.187543972882726,0.0349602335239806,0.027390244,0.1016,0.003014370133302,0.0002,31.95570988,49.2031220203502,6.497232288,3.98583750183854
Fragment,0.001619626,0.214639328769005,0.0316207121894597,0.026075619,0.0922,0.00247426198998947,0.0002,27.28035675,39.9073445652816,6.428561056,4.36904267643542
Fragment,0.00167143,0.202405190566132,0.0272743750696936,0.027777778,0.0788,0.00182347881135919,0.0002,29.99067677,35.5229843931065,5.846034733,6.06035958217465
Fragment,0.001826392,0.253169666550495,0.0412785717313646,0.033167496,0.1212,0.00424831901275499,0.0002,39.12977386,58.746919936268,4.480607591,2.89107339190016
Fragment,0.001937634,0.248310434563996,0.045084692946623,0.03649635,0.1324,0.00506906525481471,0.0002,45.67954529,68.0718112331063,3.925916726,2.57115100987928
Fragment,0.001899524,0.234553828848177,0.0391030994419577,0.035523979,0.1138,0.00377640978868701,0.0002,43.58801544,57.8791855263771,4.062280579,3.35070381501782
Fragment,0.002021166,0.195021366732895,0.0379996401204845,0.037243948,0.1098,0.00353954412829647,0.0002,48.62484634,59.8477615163063,3.932409484,3.7753522634954
Fragment,0.002182857,0.265850343081488,0.0374084827670762,0.034843206,0.1074,0.00340710531033533,0.0002,49.1296891,63.6299854043496,4.85240821,4.2072578020065
Fragment,0.002329768,0.130855256526302,0.0342594518208247,0.034482759,0.0978,0.00284077629289633,0.0002,51.89377308,62.195580985988,5.287822458,5.3538635918142
Fragment,0.002117852,0.134588424310743,0.0347611410991238,0.029368576,0.0998,0.00294229037623742,0.0002,40.1771498,57.366199056178,6.626711992,4.72741769427251
Fragment,0.002273014,0.16659260114386,0.0423546709812491,0.034467532,0.122,0.00438313886146634,0.0002,50.60726401,75.0187574659048,5.163568008,3.41754706575632
Fragment,0.002436774,0.199939784530085,0.0421312807888445,0.03968254,0.1208,0.00431620995559547,0.0002,62.46191836,79.9993314481986,4.176231488,3.70272276502664
Fragment,0.002423198,0.134230751103771,0.0388523532141061,0.034013605,0.1112,0.00366389608936007,0.0002,53.24051475,73.3622552799189,5.65264693,4.32982933653957
Fragment,0.00226653,0.118843000909657,0.0329152792406818,0.027855153,0.094,0.00262342086550426,0.0002,40.78192505,58.1333645691623,7.88349308,5.64264677464122
Fragment,0.002482053,0.122707246316342,0.0347058360390467,0.031397174,0.0988,0.00290666519325451,0.0002,50.33872398,67.1243363930396,6.795135721,5.55802449881741
Fragment,0.002614716,0.151271901409957,0.0503280854777991,0.044345898,0.1446,0.00617193541401011,0.0002,74.89943331,102.541904155196,3.588275612,2.78430727132515
Fragment,0.00251205,0.163366798250134,0.0435808410538545,0.044345898,0.1248,0.00461185269088073,0.0002,71.95855078,85.3081119674379,3.447384064,3.56739061413933
Fragment,0.002440144,0.143672938321042,0.0330869273760733,0.040194093,0.0942,0.00264231571208532,0.0002,63.35463015,62.9127020043733,4.07623571,6.01200243451535
Fragment,0.001413932,0.0945662100959202,0.0109218236127064,0.00773589,0.092,0.000829968854329263,0.0002,11.18407026,16.6427633570519,16.68819577,8.35586561045934
Fragment,0.001553735,0.0879068192107053,0.0120114835801767,0.013368984,0.1008,0.000999858797801343,0.0002,21.23912323,20.1129306873516,6.140188967,7.59169073317045
Fragment,0.001254669,0.0443114415037606,0.0068437591699518,0.007533333,0.0566,0.000319838650038349,0.0002,9.664456105,9.253917901432,15.61551181,18.8842021140304
Fragment,0.001543662,0.0793352663891255,0.0107232388202537,0.008774576,0.0894,0.000791422000912646,0.0002,13.84967451,17.8393878559029,14.16124594,9.46350719022182
Fragment,0.001756348,0.0722279299163795,0.0101117077885621,0.010498688,0.0832,0.000694177789642711,0.0002,18.85414369,19.1397754085693,11.25491253,12.1093264371474
Fragment,0.001273567,0.0489875807777533,0.00538372618462476,0.005050505,0.0438,0.000194714560092664,0.0002,6.576848346,7.38935475468895,35.26580137,30.977242704046
Fragment,0.001340718,0.0683668199216447,0.00805700252537328,0.008067769,0.067,0.000445818177362619,0.0002,11.05992249,11.6416006141629,14.54896286,14.5597155388893
Fragment,0.001460707,0.113655451426952,0.0123832657628842,0.009458571,0.1048,0.00107205992387882,0.0002,14.12699412,19.4939595335086,11.53223488,6.71496560714373
Fragment,0.001401742,0.082059449697783,0.0113088504310183,0.012746973,0.0956,0.000893163277749427,0.0002,18.26990611,17.0839504237257,6.093341488,7.72654245199223
Fragment,0.001333964,0.0403310903939104,0.00634590627076334,0.007447366,0.052,0.000272474397388688,0.0002,10.1579917,9.12303873236346,16.98791773,23.3526002226326
Fragment,0.001861531,0.107220069443889,0.00963894980800709,0.008333333,0.0788,0.0006265896805649,0.0002,15.86171543,19.3375632763823,18.93364591,14.124557316554
Fragment,0.001665586,0.0456315373804487,0.0097578900448272,0.011255167,0.0804,0.000647338033230353,0.0002,19.16814518,17.5155886715813,9.286767251,12.3312979419816
Fragment,0.002097134,0.0898614867757904,0.0103186490322318,0.009708738,0.084,0.000714829855657388,0.0002,20.81853206,23.3211938286468,15.71455677,13.8849890952048
Fragment,0.001676401,0.0558038712491293,0.00972227730479198,0.011342228,0.0802,0.00064359867056959,0.0002,19.44184885,17.5649804779307,9.204130848,12.5028052336895
Fragment,0.001678548,0.0704714414095899,0.00986835230763161,0.007246084,0.0814,0.000662950112205092,0.0002,12.4365035,17.8517241235696,22.58023595,12.1507966124943
Fragment,0.001949671,0.0512871107064204,0.0113480591754351,0.009470987,0.0932,0.000872457410004294,0.0002,18.88068462,23.8443056259547,15.35226269,10.6726701295343
Fragment,0.001758304,0.105668657626454,0.0157867195468186,0.016420361,0.133,0.00173372787729315,0.0002,29.52146189,29.9149040295051,4.606065359,4.97345992430851
Fragment,0.001528301,0.0483983615783228,0.00930894728536993,0.008992806,0.0772,0.000593384198089562,0.0002,14.05288058,15.3324382527789,13.34811919,12.4329250522233
Fragment,0.001854533,0.0726679034915195,0.00941385719823289,0.010557071,0.0768,0.000596282900879726,0.0002,20.01884723,18.8149872273074,11.75300968,14.7522322424391
Fragment,0.002125587,0.0753086317329911,0.0114673983060239,0.015029496,0.0938,0.000887251960035565,0.0002,32.66513317,26.2691208714869,6.646477893,11.3949391686181
Fiber,0.001013252,0.160892412530852,0.021553405424914,0.023337223,0.0366,0.000674912109655368,0.0002,24.1784231,31.9769863108,10.51261591,12.3208900635621
Fiber,0.001115229,0.105991518073727,0.0155447481156246,0.020833333,0.0256,0.000339508174086966,0.0002,23.75657386,25.3835234963349,14.51903878,26.070800763945
Fiber,0.000953507,0.0264258750482728,0.00489794603473984,0.019379845,0.0074,3.05924627742088e-05,0.0002,18.89449762,6.83820387341233,14.34547059,224.538632692759
Fiber,0.001606718,0.0610131429322852,0.0101825066707234,0.022075055,0.016,0.000138408601085748,0.0002,36.26623957,23.9551296423875,18.63062729,87.5387616694128
Fiber,0.001139708,0.0804426690196195,0.00727400993185414,0.01552795,0.0114,7.04057277831111e-05,0.0002,18.09543624,12.1386852248919,26.70896168,121.683970949902
Fiber,0.00127934,0.0906309833697501,0.0219349061643214,0.024479804,0.0368,0.000690158227817362,0.0002,32.02248924,41.0890332151744,12.06317468,15.0200729813598
Fiber,0.001166456,0.0384028262485808,0.0116419272495836,0.015686275,0.0188,0.000186422602224835,0.0002,18.70894923,19.8837093222038,26.78676757,48.6168136703625
Fiber,0.001132822,0.101822681080993,0.0203726222690319,0.019029496,0.0342,0.000595566728720795,0.0002,22.04195158,33.791912409201,17.67659252,15.417853073798
Fiber,0.00139375,0.0650769201262723,0.0153643544057031,0.021762786,0.025,0.000327455174679616,0.0002,31.01418897,31.3547512685302,16.62827972,33.3515447573194
Fiber,0.000849713,0.0530229679737175,0.0084073671284259,0.007996801,0.0134,9.57190967247177e-05,0.0002,6.94783527,10.460114494221,75.08115532,67.9080066272907
Fiber,0.001122332,0.143028233943849,0.00648976966783813,0.015686275,0.01,5.49564331969978e-05,0.0002,18.00123761,10.6648509986184,25.77349278,150.53806105738
Fiber,0.001254411,0.0965182890396402,0.0178666197300715,0.024783147,0.0296,0.00045163383482716,0.0002,31.78759208,32.8160580259889,11.54033973,22.1980527211252
Fiber,0.000643719,0.0290840491762431,0.00724877291834569,0.010559662,0.0116,7.14121712758594e-05,0.0002,6.950359757,6.83226945526542,32.62027119,69.2050901438373
Fiber,0.000943625,0.0200220957343447,0.00377516596519341,0.013333333,0.0056,1.77973856929876e-05,0.0002,12.86469571,5.21602483533013,29.99256812,374.064748983813
Fiber,0.00116318,0.119379934430812,0.0179419619698166,0.018796992,0.0298,0.000456585779718911,0.0002,22.3561133,30.5577252106762,18.60208157,20.4109890509524
Fiber,0.001431618,0.0439150290920783,0.0107488195905134,0.017761989,0.017,0.00015529651047925,0.0002,26.00038411,22.5316028238132,25.6410198,69.9955648447425
Fiber,0.0014051,0.0436389604120962,0.0123663605282444,0.020639835,0.0198,0.000208386390818679,0.0002,29.65340679,25.4421202364359,18.63744115,51.902294072645
Fiber,0.001228451,0.0385709927742405,0.0101261666939872,0.018198362,0.0162,0.000139629783703619,0.0002,22.85868108,18.2140730359898,20.9596779,67.6773630887884
Fiber,0.001204416,0.0840716054670816,0.00870540082201306,0.020408163,0.0136,0.000100412696941837,0.0002,25.13284292,15.3521587118509,16.34030666,89.7766843622871
Fiber,0.001078273,0.045175818450955,0.00692605227988463,0.017777778,0.0108,6.34487936424438e-05,0.0002,19.6005093,10.934996772416,19.27814676,126.982097709562
Film,0.00130241,0.048169199186071,0.0156157601501913,0.01532567,0.0452,0.000597946031008907,0.0002,12.89341394,15.7982142831972,14.68958325,14.1406674085281
Film,0.000945978,0.0223643536534301,0.00865932765810319,0.008028904,0.0248,0.000181785130895578,0.0002,4.906118905,6.36300636663065,38.87489834,33.4023972886905
Film,0.001036934,0.0185341882204163,0.00901973395748077,0.009560229,0.0256,0.000195296441649376,0.0002,6.40353938,7.26510659925842,30.05488976,33.7459994880027
Film,0.001172154,0.0275033743897306,0.00969292651283944,0.010012931,0.0274,0.000224637112052714,0.0002,7.581350708,8.82544763249735,30.9715526,33.0320929166244
Film,0.001073998,0.0251990279684804,0.00973385470216455,0.009225092,0.0278,0.000229068302606353,0.0002,6.399926463,8.12055066091133,33.43203644,30.0122088013507
Film,0.000938224,0.0213265269533733,0.00815387987268794,0.008853475,0.0232,0.00016001762687708,0.0002,5.365632754,5.94248364692488,31.70878865,37.3628536735351
Film,0.001010671,0.0183347474356736,0.00960194314144813,0.009157509,0.0276,0.000224455286708219,0.0002,5.978440055,7.53817269245708,31.92682966,29.0240737092125
Film,0.000897379,0.0343755488451446,0.00857236149698868,0.008949774,0.0246,0.000178458715596139,0.0002,5.187864059,5.97549004776443,29.67921557,32.3320398709358
Film,0.000823015,0.0209671757639281,0.00641609271264193,0.007160412,0.0182,9.87853552744222e-05,0.0002,3.806680427,4.10180990735915,42.52383995,52.935156672063
Film,0.000756879,0.0257800383351599,0.00757258982017872,0.00697107,0.022,0.000141100163160977,0.0002,3.408210381,4.45213205231537,41.25988886,34.9463541736165
Film,0.001130627,0.0143233734957769,0.00750615232872596,0.008420738,0.0208,0.000131815934087509,0.0002,6.149927761,6.59225311898768,42.23957696,53.1309392500785
Film,0.001356902,0.0116751017316804,0.00784733903321506,0.008932711,0.0216,0.00014311515923129,0.0002,7.829468183,8.27119094636567,45.0487134,58.3410501211323
Film,0.001447857,0.0124159703336139,0.00830451225806327,0.009277492,0.0228,0.000159805772990552,0.0002,8.676746242,9.3397865038443,44.56204274,55.5855423102184
Film,0.001788325,0.0211708167511635,0.0141660418160526,0.015710919,0.0398,0.000476791389692359,0.0002,18.14883272,19.6785056370873,19.19304682,23.5940516076409
Film,0.001224851,0.0125814610362707,0.00964892547696966,0.009066183,0.0272,0.000221983148387779,0.0002,7.173124009,9.1803525906968,39.4761579,34.8329220681646
Film,0.001874491,0.0434160081290088,0.0199050879682612,0.019880716,0.057,0.00096094471105678,0.0002,24.07221712,28.9830849044794,12.56377205,12.5257982096688
Film,0.001748718,0.0298420743446279,0.0119195321723023,0.013218771,0.0332,0.00033447480251525,0.0002,14.93177733,16.1910919364022,26.51174434,32.5882187919819
Film,0.001980079,0.0134642315771924,0.0126954288479549,0.014164306,0.0352,0.000377563306925956,0.0002,18.11667235,19.5266185240704,26.14523406,32.5269926754678
Film,0.001965935,0.0256010102927596,0.0148177968892458,0.015452251,0.0416,0.000521416434631787,0.0002,19.62282512,22.628196444061,21.81153854,23.706073886131
Film,0.001470483,0.0155493260357608,0.0124550840194863,0.012091898,0.0352,0.000370891210549665,0.0002,11.48564124,14.2266883471095,26.64230381,25.097079500937
Film,0.000967263,0.00567731939183674,0.00514211928623336,0.00664697,0.0108,4.69350210195453e-05,0.0002,4.153065273,4.1197390757261,80.83183539,135.018755330455
Film,0.000625814,0.00928665958310461,0.00523609768153501,0.005163956,0.0114,5.05465416784383e-05,0.0002,2.087508381,2.71416348039272,86.64941067,84.2461779983549
Film,0.000697517,0.00794968205678084,0.00564414652134413,0.005817336,0.0122,5.8273037002289e-05,0.0002,2.621075736,3.26088936636718,76.10130104,80.8111776408679
Film,0.00074577,0.00999245482903146,0.0067704796036484,0.006118079,0.015,8.62526902135061e-05,0.0002,2.947274458,4.18222440022488,73.56313628,60.0472375697452
Film,0.000722449,0.010860256667736,0.00709321795742669,0.005899705,0.0158,9.51961700847682e-05,0.0002,2.753203044,4.24456792067586,76.63589437,52.9958128445917
Film,0.000788476,0.00695688471649791,0.00842018349855036,0.006830836,0.0188,0.000134461803984134,0.0002,3.479068185,5.49911779890239,62.39160874,41.0444839130235
Film,0.000836086,0.00633914708132321,0.00554093785189618,0.005132153,0.0118,5.52985860630372e-05,0.0002,2.771733257,3.83722458886623,117.2026806,100.509415789472
Film,0.000656389,0.00922300864777753,0.00543550557451901,0.004539265,0.0118,5.42990046878196e-05,0.0002,1.924629778,2.95518196847437,117.618483,81.997064025867
Film,0.000641466,0.0112522013393101,0.00616837413452538,0.005502063,0.0138,7.23391629293444e-05,0.0002,2.279814636,3.27738406561813,78.23618725,62.2248533015338
Film,0.000808196,0.00741861673206967,0.00636844219570309,0.006805036,0.0138,7.44538778262027e-05,0.0002,3.552611345,4.26317240589765,64.43789593,73.5474958492087
Film,0.001112342,0.0106031251826439,0.00872047203925186,0.008503401,0.019,0.000140591013866028,0.0002,6.109864469,8.03454556345348,56.79870361,53.9852331598548
Film,0.001091642,0.0138611083160537,0.00948738517908966,0.00856898,0.0208,0.000167503044707919,0.0002,6.042409009,8.57846843612717,54.8918122,44.7608448963791
Film,0.001096891,0.0611262058652282,0.0065414497299521,0.007538636,0.0138,7.62995438763414e-05,0.0002,5.341419703,5.94320170163652,71.2628765,94.6077318454666
Film,0.001142018,0.00463712585471378,0.00555268762362764,0.006928904,0.0116,5.44196605661719e-05,0.0002,5.111380241,5.25241677379335,87.82727907,136.708625232072
Film,0.001132298,0.00564446175617915,0.00772750749529838,0.008421053,0.0166,0.000108678462172636,0.0002,6.159250987,7.24741555075732,58.95404901,69.9837916757846
Film,0.000960498,0.0065147011520963,0.00609122689439149,0.007412898,0.013,6.70330676268081e-05,0.0002,4.599231619,4.84600915441877,64.53658963,95.5461060333602
Film,0.001453873,0.00769063045859797,0.00830837467347623,0.00911577,0.0176,0.00012373371882818,0.0002,8.560921582,10.0051944338531,64.59892385,77.7325759041657
Film,0.001312777,0.038718372041844,0.00584215376176556,0.006785004,0.0122,6.02475142161298e-05,0.0002,5.753628419,6.35253301313584,105.2873854,141.964025956716
Film,0.001096891,0.00634608923266282,0.00618873805625382,0.006874283,0.013,6.79734632386875e-05,0.0002,4.870700115,5.62274726021318,85.70259537,105.699637298121
Film,0.001080991,0.00492837454896964,0.00624907189892604,0.00669344,0.0132,6.97504366087377e-05,0.0002,4.673823219,5.59526406978426,89.08589669,102.167005869843
