Shape,ESD,CSF,Wt,Wt_Meas,Time,Distance,Timestep,Re_Meas,Re_Calc,Cd_Meas,Cd_Calc
Fragment,0.001700925,0.179853784100379,0.00319427699921953,0.040572985,0.0052,1.39366882029598e-05,0.0002,70.56401359,7.61096020317948,5.000583972,12.1458302019459
Fragment,0.002086938,0.314547798915943,0.00424273509733991,0.056497175,0.007,2.49864033944893e-05,0.0002,120.5583645,12.4032979397179,3.164211244,5.05074050601831
Fragment,0.000996582,0.0977562885497524,0.00198022614739061,0.01843318,0.003,4.91073922973745e-06,0.0002,18.78341076,2.76445510854171,14.19456233,23.7216983404633
Fragment,0.001368883,0.217466712599566,0.00278206917835491,0.033613445,0.0044,1.02121249496293e-05,0.0002,47.04791549,5.33477328037974,5.863401305,13.481374193338
Fragment,0.00194646,0.110425679175415,0.00387735590268548,0.039215686,0.0064,2.08781048129876e-05,0.0002,78.04884112,10.5721389502734,6.125412255,10.1053421356159
Fragment,0.001837442,0.614153320087042,0.00348403431898452,0.056497175,0.0058,1.70274668415189e-05,0.0002,106.1454753,8.96763195540559,2.785926202,5.63993787848047
Fragment,0.001903832,0.607812939702285,0.00363945821343132,0.05988024,0.006,1.83674192020683e-05,0.0002,116.5663892,9.70615163892528,2.569632877,5.19345344354325
Fragment,0.002284278,0.737568823367241,0.00453658374188407,0.089686099,0.0076,2.90903199977741e-05,0.0002,209.476473,14.5164225545384,1.374384276,2.80357206966239
Fragment,0.001596692,0.133253919503848,0.00325654880953208,0.040733198,0.0054,1.48065311087487e-05,0.0002,66.50141243,7.28384094228167,4.657294292,10.4097291600127
Fragment,0.00168307,0.111830014655198,0.00313427271989708,0.032906643,0.0052,1.3723774722393e-05,0.0002,56.63006065,7.38959563368889,7.522195588,14.8141561085882
Fragment,0.001939073,0.0792132220091512,0.00376964055907598,0.03868472,0.0062,1.96502597967793e-05,0.0002,76.69989409,10.239430748567,6.270825697,11.9101725506652
Fragment,0.002212588,0.148827730530593,0.003676062287953,0.037160643,0.006,1.85172020433541e-05,0.0002,84.07075934,11.39370908859,7.754318723,18.4326859984342
Fragment,0.001817967,0.101895842990547,0.00340565986317797,0.037174721,0.0056,1.60331555544804e-05,0.0002,69.10268019,8.67299266353826,6.366489908,13.3383309765299
Fragment,0.002582853,0.358169503538659,0.00513171282228643,0.06779661,0.0086,3.72405540567926e-05,0.0002,179.0477572,18.5670858954069,2.719526337,5.09914969145634
Fragment,0.001762887,0.112834350130696,0.00329505227256315,0.035735849,0.0054,1.4948616965069e-05,0.0002,64.4153994,8.13707832045213,6.680757556,14.1546094935624
Fragment,0.001474584,0.0657038766404651,0.00264577159901661,0.025247956,0.0042,9.27671250271378e-06,0.0002,38.06772521,5.46516879403181,11.1950633,21.9493502649218
Fragment,0.002184712,0.14238330576472,0.00374049184304468,0.037735849,0.0062,1.95266383388068e-05,0.0002,84.29647367,11.4473409602255,7.424981092,14.0253508975563
Fragment,0.002633403,0.592065410276255,0.00522228710841051,0.084388186,0.0088,3.88185276354333e-05,0.0002,227.2271198,19.2645905493506,1.789631179,3.0803494852545
Fragment,0.002795438,0.62987610365005,0.00524113202725152,0.101010101,0.0088,3.89329592444866e-05,0.0002,288.7193467,20.5237481552499,1.325958076,3.46008247128625
Fragment,0.002720295,0.832775408553888,0.00511829830347114,0.104712042,0.0086,3.71610335054559e-05,0.0002,291.2552583,19.5039829839614,1.200693646,2.81176676333894
Fragment,0.001862402,0.331932435701896,0.00221790962442144,0.035273369,0.0056,1.04265810525276e-05,0.0002,42.43468715,3.21534638836086,4.014904573,11.4311951614579
Fragment,0.001823016,0.288073635876191,0.00226392435645374,0.035971223,0.0056,1.06000048730426e-05,0.0002,42.35905822,3.21264607442669,3.778989772,10.9681836465303
Fragment,0.001589028,0.244162329384844,0.00191740447200048,0.027020681,0.0048,7.7189181724808e-06,0.0002,27.7350146,2.37167828491738,5.837603088,14.1050160754522
Fragment,0.001887135,0.281534172714555,0.00235792759792429,0.035898305,0.0058,1.14199643403901e-05,0.0002,43.76003465,3.4637291643732,3.927813493,9.13685559459944
Fragment,0.001762689,0.227494364831381,0.00208756039230039,0.029895366,0.0052,9.09173349887648e-06,0.0002,34.03926738,2.86434439313744,5.290096612,13.0033352428646
Fragment,0.002326884,0.357770418917705,0.00263567223402144,0.045045045,0.0066,1.45699232434562e-05,0.0002,67.70525074,4.77393636971422,3.075929004,7.44387128686391
Fragment,0.001572976,0.151910544045107,0.00176850323278479,0.023557126,0.0044,6.52130616572541e-06,0.0002,23.93563716,2.16540156199545,7.602792007,20.5728559468202
Fragment,0.001931166,0.203758372039665,0.00221307039748683,0.028409091,0.0056,1.04082448027156e-05,0.0002,35.43868486,3.32678953760086,6.41801341,12.0161494588768
Fragment,0.002105099,0.254068514462169,0.00230596824724322,0.033167496,0.0058,1.12176179339777e-05,0.0002,45.1009592,3.7786471477031,5.132663125,11.6270353761048
Fragment,0.001903886,0.198345794339446,0.00220291214533544,0.030769231,0.0054,9.92959089081251e-06,0.0002,37.84061887,3.26474006564421,5.393905662,12.5733654700583
Fragment,0.003009733,0.194618364326994,0.00337512118474854,0.040241449,0.0086,2.43728068681103e-05,0.0002,78.23520109,7.90729301350565,4.985129165,7.70665384230263
Fragment,0.00252976,0.146375397879432,0.00298267076806081,0.035735849,0.0076,1.90413378385677e-05,0.0002,58.39612919,5.87347508136015,5.31332986,13.0023254927056
Fragment,0.003482348,0.155076239361521,0.00403391278577013,0.046082949,0.0104,3.52890020188368e-05,0.0002,103.6604469,10.9347577202448,4.398324944,6.76920826112579
Fragment,0.002552543,0.15210265891292,0.00307576991100764,0.033900369,0.0078,2.01322819840427e-05,0.0002,55.89565457,6.11135345712789,5.957441725,14.0487857342166
Fragment,0.00305554,0.139544326572798,0.00338383273332483,0.04,0.0086,2.44235981870858e-05,0.0002,78.94936371,8.04835922242368,5.122284464,9.90719714271734
Fragment,0.002679545,0.262446090574843,0.0031522006122627,0.0456621,0.008,2.11631081900856e-05,0.0002,79.03464949,6.57484312909678,3.447028777,6.51064519889584
Fragment,0.002894656,0.107976997051811,0.00341276354840263,0.038910506,0.0086,2.4591845047778e-05,0.0002,72.75526401,7.68977531547885,5.128127612,8.36934756560464
Fragment,0.002893857,0.156845720807416,0.00305131046705702,0.03649635,0.0078,2.00028825373515e-05,0.0002,68.22243129,6.87343700642801,5.827387715,11.2847639153271
Fragment,0.002787807,0.184092479996992,0.00334935598076824,0.043103448,0.0086,2.42222356491793e-05,0.0002,77.62031085,7.26832776969831,4.024707892,7.19056485048772
Fragment,0.002904201,0.246427092654357,0.00355320148596714,0.04784689,0.009,2.6818055848031e-05,0.0002,89.75962839,8.03261583477301,3.402631649,6.28548133257428
Fragment,0.001740289,0.254488461543747,0.00224126508196473,0.03327787,0.0056,1.0524644375426e-05,0.0002,37.4091264,3.03935230312399,4.241101031,12.0820914502078
Fragment,0.001925098,0.257537815659095,0.00255605631278955,0.040968577,0.0064,1.37158318641078e-05,0.0002,50.94532483,3.83433191131932,3.095418183,7.08844420494992
Fragment,0.001806142,0.187543972882726,0.0021401759063886,0.027390244,0.0052,9.28345772385122e-06,0.0002,31.95570988,3.01208904096193,6.497232288,12.6704629699487
Fragment,0.001619626,0.214639328769005,0.00213819462993657,0.026075619,0.0052,9.27659724138726e-06,0.0002,27.28035675,2.6985372541026,6.428561056,13.8507981624772
Fragment,0.00167143,0.202405190566132,0.00198300350058894,0.027777778,0.0048,7.93703294115363e-06,0.0002,29.99067677,2.58272470855509,5.846034733,16.7237146294578
Fragment,0.001826392,0.253169666550495,0.00226001248203376,0.033167496,0.0056,1.059532102711e-05,0.0002,39.12977386,3.21640906572651,4.480607591,10.5151619190493
Fragment,0.001937634,0.248310434563996,0.00246185628168049,0.03649635,0.0062,1.28135217557189e-05,0.0002,45.67954529,3.7170712527198,3.925916726,9.18107998600185
Fragment,0.001899524,0.234553828848177,0.00229547755022045,0.035523979,0.0056,1.07282646147394e-05,0.0002,43.58801544,3.39769411880133,4.062280579,10.9506871032219
Fragment,0.002021166,0.195021366732895,0.00240378322396176,0.037243948,0.006,1.2088221829329e-05,0.0002,48.62484634,3.78585283093272,3.932409484,10.9982201277919
Fragment,0.002182857,0.265850343081488,0.0024268860583912,0.034843206,0.006,1.21814477096185e-05,0.0002,49.1296891,4.12801356940789,4.85240821,11.2422825649766
Fragment,0.002329768,0.130855256526302,0.00282632010567987,0.034482759,0.007,1.65471618092349e-05,0.0002,51.89377308,5.13098171986182,5.287822458,11.7009187001782
Fragment,0.002117852,0.134588424310743,0.00257573593483987,0.029368576,0.0064,1.38006848838238e-05,0.0002,40.1771498,4.25072870688642,6.626711992,11.7033783121594
Fragment,0.002273014,0.16659260114386,0.00275386376671637,0.034467532,0.007,1.62046081448289e-05,0.0002,50.60726401,4.87765418130386,5.163568008,9.28132453310856
Fragment,0.002436774,0.199939784530085,0.00278596318211409,0.03968254,0.007,1.63568753363835e-05,0.0002,62.46191836,5.29001700958105,4.176231488,9.41446678571403
Fragment,0.002423198,0.134230751103771,0.0030072672970847,0.034013605,0.0076,1.91859374050013e-05,0.0002,53.24051475,5.67841823963392,5.65264693,9.91647378725353
Fragment,0.00226653,0.118843000909657,0.00257761144978583,0.027855153,0.0064,1.38087556683904e-05,0.0002,40.78192505,4.55245191852557,7.88349308,12.6958440311381
Fragment,0.002482053,0.122707246316342,0.00283730124637516,0.031397174,0.0072,1.71654388018982e-05,0.0002,50.33872398,5.48760626586848,6.795135721,11.7833328690097
Fragment,0.002614716,0.151271901409957,0.00328874753764626,0.044345898,0.0084,2.32306113932954e-05,0.0002,74.89943331,6.70072051408994,3.588275612,7.23979651636855
Fragment,0.00251205,0.163366798250134,0.00313861513247417,0.044345898,0.008,2.11090876319572e-05,0.0002,71.95855078,6.14373942010282,3.447384064,8.60392685880679
Fragment,0.002440144,0.143672938321042,0.00277421092785652,0.040194093,0.007,1.6301221521914e-05,0.0002,63.35463015,5.27498680725869,4.07623571,12.5475236903844
Fragment,0.001413932,0.0945662100959202,0.000956287146468502,0.00773589,0.007,5.58726228485153e-06,0.0002,11.18407026,1.45719810577694,16.68819577,25.5911178243759
Fragment,0.001553735,0.0879068192107053,0.00108497661393208,0.013368984,0.0078,7.01632605673132e-06,0.0002,21.23912323,1.81676637092754,6.140188967,21.6592144011036
Fragment,0.001254669,0.0443114415037606,0.000828295800574822,0.007533333,0.006,4.15658837146927e-06,0.0002,9.664456105,1.11999577224665,15.61551181,43.0599526277202
Fragment,0.001543662,0.0793352663891255,0.00108951366580135,0.008774576,0.008,7.25611465687454e-06,0.0002,13.84967451,1.81253604291889,14.16124594,24.052205611856
Fragment,0.001756348,0.0722279299163795,0.00116106356404219,0.010498688,0.0084,8.08371054459834e-06,0.0002,18.85414369,2.19769956920409,11.25491253,25.4250032663862
Fragment,0.001273567,0.0489875807777533,0.000781420255347978,0.005050505,0.0056,3.65909797786977e-06,0.0002,6.576848346,1.07252696018535,35.26580137,57.7075371668502
Fragment,0.001340718,0.0683668199216447,0.00088827963344072,0.008067769,0.0064,4.74003364638515e-06,0.0002,11.05992249,1.28347939492954,14.54896286,35.4320453023727
Fragment,0.001460707,0.113655451426952,0.00108692851531125,0.009458571,0.0078,7.02610319568722e-06,0.0002,14.12699412,1.71106240462039,11.53223488,21.0491863154516
Fragment,0.001401742,0.082059449697783,0.00103994069948486,0.012746973,0.0076,6.58079016191148e-06,0.0002,18.26990611,1.57100807566471,6.093341488,23.4740458468746
Fragment,0.001333964,0.0403310903939104,0.000872377671703544,0.007447366,0.0062,4.49996741565239e-06,0.0002,10.1579917,1.25415266923619,16.98791773,46.0192150131013
Fragment,0.001861531,0.107220069443889,0.00110219794639418,0.008333333,0.008,7.32179793913382e-06,0.0002,15.86171543,2.21121833353574,18.93364591,28.1024662312461
Fragment,0.001665586,0.0456315373804487,0.00116773142521027,0.011255167,0.0086,8.35234154720636e-06,0.0002,19.16814518,2.09609897517807,9.286767251,25.9961884448563
Fragment,0.002097134,0.0898614867757904,0.00128719228737056,0.009708738,0.0094,1.00260739853319e-05,0.0002,20.81853206,2.90918517867407,15.71455677,25.2846517777563
Fragment,0.001676401,0.0558038712491293,0.00116351371696078,0.011342228,0.0084,8.09694504162574e-06,0.0002,19.44184885,2.10208936481862,9.204130848,26.2030272384365
Fragment,0.001678548,0.0704714414095899,0.00110690719432733,0.007246084,0.008,7.3460823864021e-06,0.0002,12.4365035,2.00238107107754,22.58023595,26.4457817099695
Fragment,0.001949671,0.0512871107064204,0.00129422272582606,0.009470987,0.0094,1.00686268481822e-05,0.0002,18.88068462,2.71939384044229,15.35226269,21.7815113499266
Fragment,0.001758304,0.105668657626454,0.00131096374198544,0.016420361,0.0096,1.04305597434397e-05,0.0002,29.52146189,2.48419910237516,4.606065359,14.9978460352179
Fragment,0.001528301,0.0483983615783228,0.00107181080221335,0.008992806,0.0078,6.95013225698945e-06,0.0002,14.05288058,1.76534171263647,13.34811919,28.045809755696
Fragment,0.001854533,0.0726679034915195,0.00117075639646207,0.010557071,0.0086,8.36921522343289e-06,0.0002,20.01884723,2.33992997576563,11.75300968,28.0871776580332
Fragment,0.002125587,0.0753086317329911,0.00136152762260691,0.015029496,0.01,1.12829139853236e-05,0.0002,32.66513317,3.11894055945899,6.646477893,21.7213389863204
Fiber,0.001013252,0.160892412530852,0.0020371272928635,0.023337223,0.0028,4.71865571441359e-06,0.0002,24.1784231,3.02231551223711,10.51261591,23.917794410604
Fiber,0.001115229,0.105991518073727,0.00198606437327943,0.020833333,0.0028,4.62397381230863e-06,0.0002,23.75657386,3.24310894646789,14.51903878,39.0730522641486
Fiber,0.000953507,0.0264258750482728,0.0014864715104457,0.019379845,0.0018,2.14729912486643e-06,0.0002,18.89449762,2.07531793293569,14.34547059,231.622170570772
Fiber,0.001606718,0.0610131429322852,0.0024679729627094,0.022075055,0.0036,7.44281678970386e-06,0.0002,36.26623957,5.80609610063833,18.63062729,95.0063907985635
Fiber,0.001139708,0.0804426690196195,0.00161169958727231,0.01552795,0.002,2.60362497364899e-06,0.0002,18.09543624,2.68956382384262,26.70896168,133.944841293783
Fiber,0.00127934,0.0906309833697501,0.0024701107753062,0.024479804,0.0036,7.4480341958514e-06,0.0002,32.02248924,4.62707535338374,12.06317468,24.4316943019578
Fiber,0.001166456,0.0384028262485808,0.00201458632122985,0.015686275,0.0028,4.67700721247227e-06,0.0002,18.70894923,3.44079188583273,26.78676757,61.5380833557257
Fiber,0.001132822,0.101822681080993,0.00217605282640755,0.019029496,0.003,5.4051809737176e-06,0.0002,22.04195158,3.60940214454053,17.67659252,26.4036587648431
Fiber,0.00139375,0.0650769201262723,0.00238287909823446,0.021762786,0.0034,6.75700952300533e-06,0.0002,31.01418897,4.86285199203604,16.62827972,43.815151517149
Fiber,0.000849713,0.0530229679737175,0.00138245937347735,0.007996801,0.0016,1.75394710015507e-06,0.0002,6.94783527,1.72000141177248,75.08115532,88.9511693430834
Fiber,0.001122332,0.143028233943849,0.00159095557546964,0.015686275,0.002,2.57777398450676e-06,0.0002,18.00123761,2.61446939201726,25.77349278,160.851143468515
Fiber,0.001254411,0.0965182890396402,0.00229130755420831,0.024783147,0.0032,6.08810170076485e-06,0.0002,31.78759208,4.20850070076382,11.54033973,32.9930757360599
Fiber,0.000643719,0.0290840491762431,0.00112574112280401,0.010559662,0.001,8.19736562563376e-07,0.0002,6.950359757,1.06105775067173,32.62027119,99.4593787212917
Fiber,0.000943625,0.0200220957343447,0.00130924683734182,0.013333333,0.0016,1.68328070018568e-06,0.0002,12.86469571,1.80894405229215,29.99256812,369.017691712498
Fiber,0.00116318,0.119379934430812,0.00205551564122153,0.018796992,0.0028,4.75245940391785e-06,0.0002,22.3561133,3.50083687817206,18.60208157,32.4157072245578
Fiber,0.001431618,0.0439150290920783,0.00228857588394155,0.017761989,0.0032,6.08229773538981e-06,0.0002,26.00038411,4.79729726737977,25.6410198,79.7446242283089
Fiber,0.0014051,0.0436389604120962,0.00232357601751087,0.020639835,0.0032,6.15640520586988e-06,0.0002,29.65340679,4.7804445197105,18.63744115,62.3385995440039
Fiber,0.001228451,0.0385709927742405,0.00199461753325402,0.018198362,0.0028,4.63991669462887e-06,0.0002,22.85868108,3.5877455435458,20.9596779,79.8371234445797
Fiber,0.001204416,0.0840716054670816,0.00177721945794001,0.020408163,0.0024,3.51337192025081e-06,0.0002,25.13284292,3.13416415187824,16.34030666,102.375875338568
Fiber,0.001078273,0.045175818450955,0.00166139466607995,0.017777778,0.0022,2.99692602821589e-06,0.0002,19.6005093,2.62304478469748,19.27814676,138.943833035699
Film,0.00130241,0.048169199186071,0.00154687444995999,0.01532567,0.0038,4.9088970287883e-06,0.0002,12.89341394,1.56494809055909,14.68958325,32.532627905283
Film,0.000945978,0.0223643536534301,0.00102067105296272,0.008028904,0.0024,2.03520668739536e-06,0.0002,4.906118905,0.75000469605281,38.87489834,70.9177249823583
Film,0.001036934,0.0185341882204163,0.00114259184129938,0.009560229,0.0026,2.44851468301958e-06,0.0002,6.40353938,0.920321105435514,30.05488976,65.3674991663177
Film,0.001172154,0.0275033743897306,0.00122390973941961,0.010012931,0.0028,2.82586703599163e-06,0.0002,7.581350708,1.11437462131207,30.9715526,60.4070437259754
Film,0.001073998,0.0251990279684804,0.00113551816329024,0.009225092,0.0026,2.43670725502452e-06,0.0002,6.399926463,0.947315637383906,33.43203644,60.8376247587131
Film,0.000938224,0.0213265269533733,0.00111186401335213,0.008853475,0.0026,2.39692995818907e-06,0.0002,5.365632754,0.810317765298546,31.70878865,72.2106177394162
Film,0.001010671,0.0183347474356736,0.0011664092207904,0.009157509,0.0028,2.72109811060829e-06,0.0002,5.978440055,0.915709873185758,31.92682966,60.1124247638008
Film,0.000897379,0.0343755488451446,0.000950499014503032,0.008949774,0.0022,1.73315406004886e-06,0.0002,5.187864059,0.662559249696591,29.67921557,73.9647884166913
Film,0.000823015,0.0209671757639281,0.000843227244978737,0.007160412,0.0018,1.23820946892909e-06,0.0002,3.806680427,0.539075419030962,42.52383995,104.131516300996
Film,0.000756879,0.0257800383351599,0.000875484221712012,0.00697107,0.002,1.44881256790256e-06,0.0002,3.408210381,0.51472104753304,41.25988886,86.1220824175451
Film,0.001130627,0.0143233734957769,0.00113069043598406,0.008420738,0.0026,2.42862561780301e-06,0.0002,6.149927761,0.993025084862703,42.23957696,84.1105661694343
Film,0.001356902,0.0116751017316804,0.00133455008967982,0.008932711,0.0032,3.55315508534273e-06,0.0002,7.829468183,1.40663205355469,45.0487134,81.9423536325906
Film,0.001447857,0.0124159703336139,0.00140598700394363,0.009277492,0.0034,3.98244556213085e-06,0.0002,8.676746242,1.58126305747373,44.56204274,77.2439577075759
Film,0.001788325,0.0211708167511635,0.00195981197800492,0.015710919,0.0048,7.84024734625717e-06,0.0002,18.14883272,2.72243803580325,19.19304682,37.212717452726
Film,0.001224851,0.0125814610362707,0.00132682021289416,0.009066183,0.0032,3.53685430402496e-06,0.0002,7.173124009,1.26238692670028,39.4761579,59.5864791273938
Film,0.001874491,0.0434160081290088,0.00204633260750478,0.019880716,0.0052,8.93035441799852e-06,0.0002,24.07221712,2.97959153964475,12.56377205,24.0124211360601
Film,0.001748718,0.0298420743446279,0.00173288400538262,0.013218771,0.0042,6.05743431394648e-06,0.0002,14.93177733,2.3538913978074,26.51174434,48.5043942224799
Film,0.001980079,0.0134642315771924,0.00201692239940068,0.014164306,0.005,8.42372982515655e-06,0.0002,18.11667235,3.10219329787307,26.14523406,45.6534505518849
Film,0.001965935,0.0256010102927596,0.00205672007740356,0.015452251,0.0052,8.96678940687316e-06,0.0002,19.62282512,3.14080873761395,21.81153854,36.2525679873651
Film,0.001470483,0.0155493260357608,0.00159249405583696,0.012091898,0.0038,5.02340971739649e-06,0.0002,11.48564124,1.8190095379181,26.64230381,43.3353026269796
Film,0.000967263,0.00567731939183674,0.00104906853750614,0.00664697,0.0018,1.54206125356003e-06,0.0002,4.153065273,0.840487823502957,80.83183539,168.705271652472
Film,0.000625814,0.00928665958310461,0.000796545636937895,0.005163956,0.001,5.9790656292618e-07,0.0002,2.087508381,0.41289433653369,86.64941067,149.089339896379
Film,0.000697517,0.00794968205678084,0.000904518559790363,0.005817336,0.0014,1.00954597151057e-06,0.0002,2.621075736,0.522582987905802,76.10130104,133.448546557251
Film,0.00074577,0.00999245482903146,0.000936632951746597,0.006118079,0.0014,1.03579106632184e-06,0.0002,2.947274458,0.578571890643967,73.56313628,108.714325365744
Film,0.000722449,0.010860256667736,0.000913941609500782,0.005899705,0.0014,1.01731482189051e-06,0.0002,2.753203044,0.546900893267522,76.63589437,103.849243775486
Film,0.000788476,0.00695688471649791,0.00109231419568965,0.006830836,0.0018,1.59054347294661e-06,0.0002,3.479068185,0.713376904024106,62.39160874,80.6280211922562
Film,0.000836086,0.00633914708132321,0.000966399521596859,0.005132153,0.0016,1.2527958228279e-06,0.0002,2.771733257,0.669253492108922,117.2026806,143.361627215336
Film,0.000656389,0.00922300864777753,0.00080159672265399,0.004539265,0.001,6.00399848272393e-07,0.0002,1.924629778,0.435813034923589,117.618483,144.343995370846
Film,0.000641466,0.0112522013393101,0.000845683065361605,0.005502063,0.0012,7.90613341637724e-07,0.0002,2.279814636,0.449328808942695,78.23618725,122.209437330768
Film,0.000808196,0.00741861673206967,0.00098468247821593,0.006805036,0.0016,1.27074782919432e-06,0.0002,3.552611345,0.659167664665851,64.43789593,117.321965461524
Film,0.001112342,0.0106031251826439,0.00133904544371244,0.008503401,0.0024,2.64752245559885e-06,0.0002,6.109864469,1.23372009916626,56.79870361,80.3914987753346
Film,0.001091642,0.0138611083160537,0.00139761491580008,0.00856898,0.0026,3.01660836521046e-06,0.0002,6.042409009,1.26371968827368,54.8918122,70.2416880755123
Film,0.001096891,0.0611262058652282,0.000955463930228945,0.007538636,0.0014,1.05087769430243e-06,0.0002,5.341419703,0.868082013989668,71.2628765,131.012020865428
Film,0.001142018,0.00463712585471378,0.00126992735567781,0.006928904,0.0022,2.2849933645272e-06,0.0002,5.111380241,1.20125391460495,87.82727907,160.58563386655
Film,0.001132298,0.00564446175617915,0.00136857171197871,0.008421053,0.0024,2.69300541550845e-06,0.0002,6.159250987,1.28354555641076,58.95404901,95.3496463273488
Film,0.000960498,0.0065147011520963,0.0011180143132719,0.007412898,0.0018,1.61879978800002e-06,0.0002,4.599231619,0.889460808277456,64.53658963,129.197455349086
Film,0.001453873,0.00769063045859797,0.00161338937394226,0.00911577,0.003,4.01625632191628e-06,0.0002,8.560921582,1.94289196361566,64.59892385,96.1430479638972
Film,0.001312777,0.038718372041844,0.00109830169534666,0.006785004,0.0018,1.59716331202902e-06,0.0002,5.753628419,1.19425096678117,105.2873854,167.019970129457
Film,0.001096891,0.00634608923266282,0.00129632941576406,0.006874283,0.0024,2.5807563479644e-06,0.0002,4.870700115,1.17777365992337,85.70259537,131.572905048231
Film,0.001080991,0.00492837454896964,0.00119837675716289,0.00669344,0.002,1.94402826201231e-06,0.0002,4.673823219,1.07299684175029,89.08589669,130.834410952774
