Shape,ESD,CSF,Wt,Wt_Meas,Time,Distance,Timestep,Re_Meas,Re_Calc,Cd_Meas,Cd_Calc
Fragment,0.001700925,0.179853784100379,0.00719119699206632,0.040572985,0.0122,7.42047519405106e-05,0.0002,70.56401359,17.1343669109516,5.000583972,9.45247923127304
Fragment,0.002086938,0.314547798915943,0.00819655417690194,0.056497175,0.014,9.71789816817234e-05,0.0002,120.5583645,23.9619729261191,3.164211244,3.8850609266984
Fragment,0.000996582,0.0977562885497524,0.00495890455794892,0.01843318,0.0084,3.52181526209142e-05,0.0002,18.78341076,6.92277953003344,14.19456233,16.8055772975692
Fragment,0.001368883,0.217466712599566,0.00586851388605624,0.033613445,0.01,4.96730776645606e-05,0.0002,47.04791549,11.25320366526,5.863401305,10.2984039962935
Fragment,0.00194646,0.110425679175415,0.00863506035782576,0.039215686,0.0148,0.000108296208097069,0.0002,78.04884112,23.5446681290472,6.125412255,8.01865037901376
Fragment,0.001837442,0.614153320087042,0.00704648037187025,0.056497175,0.012,7.15682396606075e-05,0.0002,106.1454753,18.1370895836467,2.785926202,4.12002739219611
Fragment,0.001903832,0.607812939702285,0.00754675138354241,0.05988024,0.0128,8.17007181890464e-05,0.0002,116.5663892,20.1265982501475,2.569632877,3.7581695722094
Fragment,0.002284278,0.737568823367241,0.00839202672922826,0.089686099,0.0144,0.000102424168237493,0.0002,209.476473,26.8532916004025,1.374384276,2.0946360007034
Fragment,0.001596692,0.133253919503848,0.00684717652260771,0.040733198,0.0116,6.71620620005773e-05,0.0002,66.50141243,15.3149077785713,4.657294292,8.02872917022884
Fragment,0.00168307,0.111830014655198,0.00704337240949015,0.032906643,0.012,7.15423560751581e-05,0.0002,56.63006065,16.6059812450916,7.522195588,11.7832569568771
Fragment,0.001939073,0.0792132220091512,0.00884435509813176,0.03868472,0.0152,0.000113974778842291,0.0002,76.69989409,24.0238187497786,6.270825697,9.46703265821114
Fragment,0.002212588,0.148827730530593,0.00874729973054346,0.037160643,0.015,0.000111196715986039,0.0002,84.07075934,27.1116702149275,7.754318723,15.419077613465
Fragment,0.001817967,0.101895842990547,0.00801190149818022,0.037174721,0.0136,9.21722037581718e-05,0.0002,69.10268019,20.4034359584773,6.366489908,10.546884402489
Fragment,0.002582853,0.358169503538659,0.0102956279303245,0.06779661,0.0176,0.000153483247430216,0.0002,179.0477572,37.2506831051225,2.719526337,4.08019488822433
Fragment,0.001762887,0.112834350130696,0.00772640280408526,0.035735849,0.0132,8.6372784564634e-05,0.0002,64.4153994,19.0802268224101,6.680757556,11.2012759192266
Fragment,0.001474584,0.0657038766404651,0.00679286106574082,0.025247956,0.0116,6.67250781935108e-05,0.0002,38.06772521,14.031495512492,11.1950633,17.1947312036443
Fragment,0.002184712,0.14238330576472,0.00848340033737958,0.037735849,0.0146,0.000105033156732729,0.0002,84.29647367,25.9624616865969,7.424981092,11.533511266949
Fragment,0.002633403,0.592065410276255,0.0101257568852913,0.084388186,0.0174,0.00014937417462183,0.0002,227.2271198,37.3530900059567,1.789631179,2.35140860156369
Fragment,0.002795438,0.62987610365005,0.0105293435905961,0.101010101,0.018,0.000160536128598013,0.0002,288.7193467,41.2318550591473,1.325958076,2.66364062464557
Fragment,0.002720295,0.832775408553888,0.010177601024714,0.104712042,0.0174,0.00015000207319766,0.0002,291.2552583,38.7831551492315,1.200693646,2.10774969711645
Fragment,0.001862402,0.331932435701896,0.00441752794992923,0.035273369,0.0114,4.23598827772639e-05,0.0002,42.43468715,6.40417552766304,4.014904573,7.68769418600451
Fragment,0.001823016,0.288073635876191,0.00433313835458985,0.035971223,0.0112,4.08355156716779e-05,0.0002,42.35905822,6.14898633213465,3.778989772,7.46017538057963
Fragment,0.001589028,0.244162329384844,0.00375849499706381,0.027020681,0.0096,3.03023980332236e-05,0.0002,27.7350146,4.64896222924038,5.837603088,9.23118845177411
Fragment,0.001887135,0.281534172714555,0.00441647556328523,0.035898305,0.0114,4.23517013009196e-05,0.0002,43.76003465,6.48767808891129,3.927813493,6.17506885440836
Fragment,0.001762689,0.227494364831381,0.00418504070485073,0.029895366,0.0108,3.80228555091149e-05,0.0002,34.03926738,5.74229992205478,5.290096612,8.70564962831504
Fragment,0.002326884,0.357770418917705,0.00479149298852953,0.045045045,0.0124,4.99943348885976e-05,0.0002,67.70525074,8.67872808610606,3.075929004,5.29576863460241
Fragment,0.001572976,0.151910544045107,0.00371628046031281,0.023557126,0.0094,2.9284313004515e-05,0.0002,23.93563716,4.55031088685252,7.602792007,14.0239519677316
Fragment,0.001931166,0.203758372039665,0.0043273667989139,0.028409091,0.011,3.99271751925222e-05,0.0002,35.43868486,6.505097446668,6.41801341,8.32695970710768
Fragment,0.002105099,0.254068514462169,0.00456654636486801,0.033167496,0.0118,4.5333259736077e-05,0.0002,45.1009592,7.48291630515346,5.132663125,8.21042199987133
Fragment,0.001903886,0.198345794339446,0.00442152863070934,0.030769231,0.0114,4.23909769327509e-05,0.0002,37.84061887,6.55275413621714,5.393905662,8.65314619831481
Fragment,0.003009733,0.194618364326994,0.0065288592126666,0.040241449,0.017,9.34517179397953e-05,0.0002,78.23520109,15.2959256905399,4.985129165,5.89829845727592
Fragment,0.00252976,0.146375397879432,0.00627334599144816,0.035735849,0.0162,8.54415104568061e-05,0.0002,58.39612919,12.3534725160018,5.31332986,10.0393957093456
Fragment,0.003482348,0.155076239361521,0.00798598098130279,0.046082949,0.0208,0.00013983123280875,0.0002,103.6604469,21.6476586943258,4.398324944,5.29145434737055
Fragment,0.002552543,0.15210265891292,0.00658612124549085,0.033900369,0.017,9.41165457197864e-05,0.0002,55.89565457,13.0861917527205,5.957441725,10.9778352810232
Fragment,0.00305554,0.139544326572798,0.00671750075482009,0.04,0.0174,9.83145043225373e-05,0.0002,78.94936371,15.9774029665385,5.122284464,7.83244718576791
Fragment,0.002679545,0.262446090574843,0.00573954090900625,0.0456621,0.0148,7.14060146091478e-05,0.0002,79.03464949,11.971503641915,3.447028777,4.81660025778177
Fragment,0.002894656,0.107976997051811,0.00693762819195668,0.038910506,0.018,0.000105065407636128,0.0002,72.75526401,15.6321413018634,5.128127612,6.35135883408614
Fragment,0.002893857,0.156845720807416,0.00619027647420261,0.03649635,0.016,8.32850745950227e-05,0.0002,68.22243129,13.9443284638429,5.827387715,8.83043388168888
Fragment,0.002787807,0.184092479996992,0.00662035828643828,0.043103448,0.0172,9.5834747200323e-05,0.0002,77.62031085,14.3666227940437,4.024707892,5.31703145990065
Fragment,0.002904201,0.246427092654357,0.00690784718610435,0.04784689,0.018,0.000104698843539854,0.0002,89.75962839,15.6163625706102,3.402631649,4.65732332509818
Fragment,0.001740289,0.254488461543747,0.00417387042396605,0.03327787,0.0106,3.71420846652831e-05,0.0002,37.4091264,5.66013488904297,4.241101031,8.39619996198317
Fragment,0.001925098,0.257537815659095,0.00448088827866205,0.040968577,0.0114,4.28914295014693e-05,0.0002,50.94532483,6.72176619582371,3.095418183,4.89899099506538
Fragment,0.001806142,0.187543972882726,0.00406054624243052,0.027390244,0.0104,3.55107872469802e-05,0.0002,31.95570988,5.71482316039275,6.497232288,8.79243386546605
Fragment,0.001619626,0.214639328769005,0.00419101523342157,0.026075619,0.0106,3.7265296156905e-05,0.0002,27.28035675,5.28932707133173,6.428561056,9.36977507644078
Fragment,0.00167143,0.202405190566132,0.00395136311799076,0.027777778,0.01,3.31539976242925e-05,0.0002,29.99067677,5.14637677355441,5.846034733,11.6265783655858
Fragment,0.001826392,0.253169666550495,0.00430078612694138,0.033167496,0.011,3.97662137746488e-05,0.0002,39.12977386,6.12080136654681,4.480607591,7.11186192750255
Fragment,0.001937634,0.248310434563996,0.00456576787123687,0.03649635,0.0116,4.44573599011123e-05,0.0002,45.67954529,6.89369425301358,3.925916726,6.34975009685088
Fragment,0.001899524,0.234553828848177,0.00415875900644294,0.035523979,0.0106,3.70332951427323e-05,0.0002,43.58801544,6.15566508866366,4.062280579,7.77206120645753
Fragment,0.002021166,0.195021366732895,0.00455645148633081,0.037243948,0.0116,4.43839852612916e-05,0.0002,48.62484634,7.17621064436198,3.932409484,7.83442305181654
Fragment,0.002182857,0.265850343081488,0.00462259942762553,0.034843206,0.0118,4.58265337048141e-05,0.0002,49.1296891,7.8628137885571,4.85240821,8.1870874606159
Fragment,0.002329768,0.130855256526302,0.00605073727201789,0.034482759,0.0156,7.94123946361967e-05,0.0002,51.89377308,10.9846801400941,5.287822458,8.60155200813081
Fragment,0.002117852,0.134588424310743,0.00516421624496673,0.029368576,0.0132,5.72722282277504e-05,0.0002,40.1771498,8.52248941521016,6.626711992,8.46531320514301
Fragment,0.002273014,0.16659260114386,0.00543554111136223,0.034467532,0.014,6.40206492938731e-05,0.0002,50.60726401,9.62745149194433,5.163568008,6.64292711055031
Fragment,0.002436774,0.199939784530085,0.00562927278756326,0.03968254,0.0144,6.81052525844008e-05,0.0002,62.46191836,10.6889240277698,4.176231488,6.81108350073535
Fragment,0.002423198,0.134230751103771,0.00612752881483992,0.034013605,0.0158,8.14516664962747e-05,0.0002,53.24051475,11.5701957786726,5.65264693,7.33190045680822
Fragment,0.00226653,0.118843000909657,0.00532775958157864,0.027855153,0.0136,6.08578981878299e-05,0.0002,40.78192505,9.4096297293434,7.88349308,9.37155028312839
Fragment,0.002482053,0.122707246316342,0.0058610322596682,0.031397174,0.015,7.38655733169576e-05,0.0002,50.33872398,11.3357851563005,6.795135721,8.89723637735017
Fragment,0.002614716,0.151271901409957,0.00647996072632888,0.044345898,0.0168,9.1673660098045e-05,0.0002,74.89943331,13.2027178347916,3.588275612,5.28503609479677
Fragment,0.00251205,0.163366798250134,0.00615119653872338,0.044345898,0.0158,8.17068195083173e-05,0.0002,71.95855078,12.0407718247264,3.447384064,6.38516642686097
Fragment,0.002440144,0.143672938321042,0.00564316454772038,0.040194093,0.0146,6.93682152574947e-05,0.0002,63.35463015,10.7301208576144,4.07623571,9.56190132180107
Fragment,0.001413932,0.0945662100959202,0.00207173674075747,0.00773589,0.0154,2.63358797077925e-05,0.0002,11.18407026,3.15692923976754,16.68819577,16.0822160051068
Fragment,0.001553735,0.0879068192107053,0.00224765621869263,0.013368984,0.0166,3.07277798677624e-05,0.0002,21.23912323,3.76364446854572,6.140188967,14.2688832689409
Fragment,0.001254669,0.0443114415037606,0.00202924548814782,0.007533333,0.015,2.51030862785299e-05,0.0002,9.664456105,2.74388251878002,15.61551181,27.8803730430411
Fragment,0.001543662,0.0793352663891255,0.00236937789866562,0.008774576,0.0176,3.43644315296915e-05,0.0002,13.84967451,3.94174297709991,14.16124594,15.9813521326041
Fragment,0.001756348,0.0722279299163795,0.00254904684949515,0.010498688,0.019,3.99096794350847e-05,0.0002,18.85414369,4.82492030282417,11.25491253,18.0877358719844
Fragment,0.001273567,0.0489875807777533,0.00196004004091782,0.005050505,0.0146,2.36481549747651e-05,0.0002,6.576848346,2.69022433516394,35.26580137,40.2130398693222
Fragment,0.001340718,0.0683668199216447,0.00209521341677056,0.008067769,0.0156,2.69856313284461e-05,0.0002,11.05992249,3.02738366069315,14.54896286,22.879511144522
Fragment,0.001460707,0.113655451426952,0.0023297203711855,0.009458571,0.0174,3.34491636837243e-05,0.0002,14.12699412,3.66748768135158,11.53223488,13.2175847013836
Fragment,0.001401742,0.082059449697783,0.00221608600572485,0.012746973,0.0164,2.99486351569427e-05,0.0002,18.26990611,3.34777647714515,6.093341488,14.8595884952329
Fragment,0.001333964,0.0403310903939104,0.00222681966815807,0.007447366,0.0166,3.05051038544002e-05,0.0002,10.1579917,3.20133346062659,16.98791773,31.1794789933754
Fragment,0.001861531,0.107220069443889,0.0026046011424472,0.008333333,0.0194,4.16228767173608e-05,0.0002,15.86171543,5.22532437714022,18.93364591,19.9953552922559
Fragment,0.001665586,0.0456315373804487,0.00286071428200942,0.011255167,0.0214,5.04303585091628e-05,0.0002,19.16814518,5.13503374606662,9.286767251,17.6410902954099
Fragment,0.002097134,0.0898614867757904,0.00286535791812041,0.009708738,0.0214,5.04943895746887e-05,0.0002,20.81853206,6.47599963795658,15.71455677,19.033055298766
Fragment,0.001676401,0.0558038712491293,0.00286811351593459,0.011342228,0.0214,5.05323614117643e-05,0.0002,19.44184885,5.18174459918453,9.204130848,17.796685815248
Fragment,0.001678548,0.0704714414095899,0.00270127436933984,0.007246084,0.0202,4.49694229130724e-05,0.0002,12.4365035,4.88657106275297,22.58023595,17.8130425949568
Fragment,0.001949671,0.0512871107064204,0.00302684279819766,0.009470987,0.0226,5.63014887312126e-05,0.0002,18.88068462,6.35993905620235,15.35226269,15.4030865808881
Fragment,0.001758304,0.105668657626454,0.00277883059629544,0.016420361,0.0208,4.76317624744934e-05,0.0002,29.52146189,5.26572036425281,4.606065359,9.70715562166382
Fragment,0.001528301,0.0483983615783228,0.00262373362013703,0.008992806,0.0196,4.23838163267267e-05,0.0002,14.05288058,4.32145896730067,13.34811919,18.4492974889259
Fragment,0.001854533,0.0726679034915195,0.00267062322141931,0.010557071,0.0198,4.3505287293343e-05,0.0002,20.01884723,5.33763586400981,11.75300968,20.4878107361538
Fragment,0.002125587,0.0753086317329911,0.00322909532352931,0.015029496,0.0242,6.43323199369743e-05,0.0002,32.66513317,7.39710029211989,6.646477893,15.7774517230198
Fiber,0.001013252,0.160892412530852,0.00427946706519691,0.023337223,0.0064,2.30770251205331e-05,0.0002,24.1784231,6.34908762970418,10.51261591,18.2704393454654
Fiber,0.001115229,0.105991518073727,0.0042942665284504,0.020833333,0.0064,2.31420482445674e-05,0.0002,23.75657386,7.0122471276895,14.51903878,32.3537144396798
Fiber,0.000953507,0.0264258750482728,0.00382175419392877,0.019379845,0.0056,1.79605636724879e-05,0.0002,18.89449762,5.33569258354264,14.34547059,224.633648059836
Fiber,0.001606718,0.0610131429322852,0.00586695833457702,0.022075055,0.009,4.47131803561584e-05,0.0002,36.26623957,13.8024704580227,18.63062729,89.4979033230193
Fiber,0.001139708,0.0804426690196195,0.00409707378425771,0.01552795,0.0062,2.14485186162446e-05,0.0002,18.09543624,6.83709391053638,26.70896168,124.48446189183
Fiber,0.00127934,0.0906309833697501,0.00530010439770687,0.024479804,0.008,3.57960921536842e-05,0.0002,32.02248924,9.92829255843806,12.06317468,19.8281108520773
Fiber,0.001166456,0.0384028262485808,0.0052437688507502,0.015686275,0.008,3.54843274800727e-05,0.0002,18.70894923,8.95604081230389,26.78676757,52.9380012365869
Fiber,0.001132822,0.101822681080993,0.0053041982105578,0.019029496,0.008,3.58186915864689e-05,0.0002,22.04195158,8.79803291717963,17.67659252,20.3019845267102
Fiber,0.00139375,0.0650769201262723,0.0058658515960496,0.021762786,0.009,4.47062561147391e-05,0.0002,31.01418897,11.9707156523268,16.62827972,37.5321619769666
Fiber,0.000849713,0.0530229679737175,0.00386217688847216,0.007996801,0.0058,1.88861035926174e-05,0.0002,6.94783527,4.80516811425561,75.08115532,74.003271785722
Fiber,0.001122332,0.143028233943849,0.0037025994288923,0.015686275,0.0054,1.67632235404682e-05,0.0002,18.00123761,6.08460288080763,25.77349278,152.723625454588
Fiber,0.001254411,0.0965182890396402,0.00495174855502084,0.024783147,0.0074,3.0875903334709e-05,0.0002,31.78759208,9.09499784327813,11.54033973,27.5099581204782
Fiber,0.000643719,0.0290840491762431,0.00317316230285576,0.010559662,0.0046,1.2220219602084e-05,0.0002,6.950359757,2.99083722481251,32.62027119,77.8701785370841
Fiber,0.000943625,0.0200220957343447,0.00368746344024564,0.013333333,0.0054,1.67076742061388e-05,0.0002,12.86469571,5.09484909035191,29.99256812,373.728515992032
Fiber,0.00116318,0.119379934430812,0.0041399950601664,0.018796992,0.0062,2.16318596061337e-05,0.0002,22.3561133,7.05100320884335,18.60208157,26.821833933584
Fiber,0.001431618,0.0439150290920783,0.00597552220347773,0.017761989,0.0092,4.65838030871937e-05,0.0002,26.00038411,12.5258491706815,25.6410198,72.6262080137239
Fiber,0.0014051,0.0436389604120962,0.00597596512095801,0.020639835,0.0092,4.65866400825918e-05,0.0002,29.65340679,12.2947428864703,18.63744115,55.296600169936
Fiber,0.001228451,0.0385709927742405,0.00541016628080211,0.018198362,0.0082,3.7482091585096e-05,0.0002,22.85868108,9.7313392869477,20.9596779,70.9851248228346
Fiber,0.001204416,0.0840716054670816,0.00417090695041843,0.020408163,0.0062,2.17633838006847e-05,0.0002,25.13284292,7.35548273817207,16.34030666,93.8579176077719
Fiber,0.001078273,0.045175818450955,0.00412642138163341,0.017777778,0.0062,2.15739692438292e-05,0.0002,19.6005093,6.51488072373335,19.27814676,129.588872030348
Film,0.00130241,0.048169199186071,0.00383400268232868,0.01532567,0.0098,3.14977272902482e-05,0.0002,12.89341394,3.87879906935168,14.68958325,21.4487310401789
Film,0.000945978,0.0223643536534301,0.00267002055681921,0.008028904,0.0068,1.52266912566148e-05,0.0002,4.906118905,1.96197193048552,38.87489834,46.363201787376
Film,0.001036934,0.0185341882204163,0.00329918503054642,0.009560229,0.0084,2.32241702081101e-05,0.0002,6.40353938,2.65738779553671,30.05488976,43.2396426033756
Film,0.001172154,0.0275033743897306,0.00322210448721953,0.010012931,0.0082,2.21411683376068e-05,0.0002,7.581350708,2.93373878164898,30.9715526,42.5401549010313
Film,0.001073998,0.0251990279684804,0.00286372006898454,0.009225092,0.0072,1.724487978138e-05,0.0002,6.399926463,2.38908270263025,33.43203644,41.3966985419319
Film,0.000938224,0.0213265269533733,0.00313596947396148,0.008853475,0.008,2.10351120645528e-05,0.0002,5.365632754,2.28546993667305,31.70878865,47.69305966066
Film,0.001010671,0.0183347474356736,0.00329411494082138,0.009157509,0.0084,2.31954126442524e-05,0.0002,5.978440055,2.58610230522252,31.92682966,38.7340505943871
Film,0.000897379,0.0343755488451446,0.00264320213647182,0.008949774,0.0068,1.51032267336067e-05,0.0002,5.187864059,1.84248273550589,29.67921557,45.7460773543886
Film,0.000823015,0.0209671757639281,0.00248431554949192,0.007160412,0.0062,1.2870669805133e-05,0.0002,3.806680427,1.58822364175539,42.52383995,67.1540325098588
Film,0.000756879,0.0257800383351599,0.00235738217633429,0.00697107,0.006,1.18665438115895e-05,0.0002,3.408210381,1.38596926494655,41.25988886,51.562538843556
Film,0.001130627,0.0143233734957769,0.00342409230219836,0.008420738,0.0088,2.52935836449361e-05,0.0002,6.149927761,3.00719758543724,42.23957696,61.1560192426158
Film,0.001356902,0.0116751017316804,0.00431335060666653,0.008932711,0.0112,4.06075234270279e-05,0.0002,7.829468183,4.5463240896506,45.0487134,63.3965218316735
Film,0.001447857,0.0124159703336139,0.00456346006766371,0.009277492,0.0118,4.52225501045831e-05,0.0002,8.676746242,5.13235954458545,44.56204274,60.2662960665589
Film,0.001788325,0.0211708167511635,0.00551713946279769,0.015710919,0.0144,6.68132210277776e-05,0.0002,18.14883272,7.66403639273695,19.19304682,28.1297535619114
Film,0.001224851,0.0125814610362707,0.00409727696182523,0.009066183,0.0106,3.64859666903165e-05,0.0002,7.173124009,3.8983042475635,39.4761579,41.529230801408
Film,0.001874491,0.0434160081290088,0.00491444832947608,0.019880716,0.0128,5.28921399269961e-05,0.0002,24.07221712,7.15575200767747,12.56377205,17.570912708536
Film,0.001748718,0.0298420743446279,0.00502478354666839,0.013218771,0.013,5.48530685621571e-05,0.0002,14.93177733,6.82549710748546,26.51174434,37.5047347074586
Film,0.001980079,0.0134642315771924,0.00592299005525974,0.014164306,0.0154,7.66449024815726e-05,0.0002,18.11667235,9.11004809022666,26.14523406,36.3842949166434
Film,0.001965935,0.0256010102927596,0.00556855655793781,0.015452251,0.0146,6.84291331150821e-05,0.0002,19.62282512,8.50371972599591,21.81153854,28.1783565922724
Film,0.001470483,0.0155493260357608,0.00455578468614769,0.012091898,0.0118,4.51609963965151e-05,0.0002,11.48564124,5.20379700409525,26.64230381,30.9992760094754
Film,0.000967263,0.00567731939183674,0.00383852258108251,0.00664697,0.0078,2.52429212501371e-05,0.0002,4.153065273,3.07532956551194,80.83183539,138.360959704823
Film,0.000625814,0.00928665958310461,0.00259329104513224,0.005163956,0.005,1.08281935918554e-05,0.0002,2.087508381,1.3442483843548,86.64941067,97.9760290700129
Film,0.000697517,0.00794968205678084,0.00302613548390879,0.005817336,0.006,1.52416455627505e-05,0.0002,2.621075736,1.74834104383147,76.10130104,91.0537351747948
Film,0.00074577,0.00999245482903146,0.00303078483575048,0.006118079,0.006,1.52605749617181e-05,0.0002,2.947274458,1.87216017681773,73.56313628,71.4870125009949
Film,0.000722449,0.010860256667736,0.00271408024680317,0.005899705,0.0054,1.23127694310765e-05,0.0002,2.753203044,1.62410037572003,76.63589437,67.123214668375
Film,0.000788476,0.00695688471649791,0.00350889140823475,0.006830836,0.007,2.06391774984653e-05,0.0002,3.479068185,2.2916136211,62.39160874,50.9079382221588
Film,0.000836086,0.00633914708132321,0.00361019157101334,0.005132153,0.0072,2.18398964501784e-05,0.0002,2.771733257,2.5001391889045,117.2026806,106.332610571353
Film,0.000656389,0.00922300864777753,0.00254826661144678,0.004539265,0.005,1.06767402928874e-05,0.0002,1.924629778,1.38544454380018,117.618483,96.1733097776241
Film,0.000641466,0.0112522013393101,0.00263689613091391,0.005502063,0.0052,1.15005387251848e-05,0.0002,2.279814636,1.40103715722689,78.23618725,76.9836366073798
Film,0.000808196,0.00741861673206967,0.00342213120061813,0.006805036,0.0068,1.9539651040221e-05,0.0002,3.552611345,2.29084835121534,64.43789593,81.890367721012
Film,0.001112342,0.0106031251826439,0.0044187037971297,0.008503401,0.009,3.35391116632497e-05,0.0002,6.109864469,4.07114165719971,56.79870361,59.9297888720271
Film,0.001091642,0.0138611083160537,0.00444350650365203,0.00856898,0.009,3.36922899208189e-05,0.0002,6.042409009,4.01780675789557,54.8918122,51.0945910246629
Film,0.001096891,0.0611262058652282,0.00332490746549978,0.007538636,0.0066,1.84231302736698e-05,0.0002,5.341419703,3.02082818373764,71.2628765,101.970095992349
Film,0.001142018,0.00463712585471378,0.0051075765772677,0.006928904,0.0104,4.47908946821569e-05,0.0002,5.111380241,4.8313758500876,87.82727907,137.393299461922
Film,0.001132298,0.00564446175617915,0.00493000394725231,0.008421053,0.01,4.15424334522292e-05,0.0002,6.159250987,4.6237143470065,58.95404901,73.9547759931781
Film,0.000960498,0.0065147011520963,0.00407788930878541,0.007412898,0.0082,2.81357645837494e-05,0.0002,4.599231619,3.24425427975371,64.53658963,100.098960946302
Film,0.001453873,0.00769063045859797,0.00572724987221537,0.00911577,0.0116,5.59608969138938e-05,0.0002,8.560921582,6.89692638991206,64.59892385,80.3153777593455
Film,0.001312777,0.038718372041844,0.00454127156116225,0.006785004,0.0092,3.51995520854543e-05,0.0002,5.753628419,4.93800380652421,105.2873854,143.743430924194
Film,0.001096891,0.00634608923266282,0.00488577313654547,0.006874283,0.01,4.12384945746101e-05,0.0002,4.870700115,4.43894494609831,85.70259537,107.910541487641
Film,0.001080991,0.00492837454896964,0.00446322483504186,0.00669344,0.009,3.38137975920259e-05,0.0002,4.673823219,3.99626087822263,89.08589669,105.480098696063
