Shape,ESD,CSF,Wt_Calc,Wt_Meas,Time,Distance,timestep,Re_Meas,Re_Calc,Cd_Meas,Cd_Calc
Fragment,0.001700925,0.179853784100379,0.0174151047010555,0.040572985,0.0304,0.000446135325121884,0.0002,70.56401359,41.4947322496837,5.000583972,27.1327973593758
Fragment,0.002086938,0.314547798915943,0.0272400469780918,0.056497175,0.0476,0.00109630745493584,0.0002,120.5583645,79.6341064925357,3.164211244,13.606618330461
Fragment,0.000996582,0.0977562885497524,0.0103576237193018,0.01843318,0.0182,0.000157960531656804,0.0002,18.78341076,14.4595534408568,14.19456233,44.9432512424163
Fragment,0.001368883,0.217466712599566,0.0175109622113618,0.033613445,0.0308,0.000454831783573165,0.0002,47.04791549,33.5782496156877,5.863401305,21.5977995656387
Fragment,0.00194646,0.110425679175415,0.016808533312299,0.039215686,0.0292,0.000413327371808201,0.0002,78.04884112,45.8307553363484,6.125412255,33.331016798956
Fragment,0.001837442,0.614153320087042,0.0331968633680076,0.056497175,0.0584,0.00164148633322542,0.0002,106.1454753,85.4461309798312,2.785926202,8.06627412644674
Fragment,0.001903832,0.607812939702285,0.0322387892742765,0.05988024,0.0566,0.00154456388041815,0.0002,116.5663892,85.9783404564676,2.569632877,8.86186114350775
Fragment,0.002284278,0.737568823367241,0.0497758881137691,0.089686099,0.0876,0.00369790010850992,0.0002,209.476473,159.275760351513,1.374384276,4.46028094116232
Fragment,0.001596692,0.133253919503848,0.01680024354129,0.040733198,0.0294,0.000416260005506778,0.0002,66.50141243,37.5766828331169,4.657294292,27.368747460458
Fragment,0.00168307,0.111830014655198,0.0155617300837395,0.032906643,0.0272,0.000356438607077561,0.0002,56.63006065,36.6894979972332,7.522195588,33.6242890794695
Fragment,0.001939073,0.0792132220091512,0.0149194917368329,0.03868472,0.0258,0.000323555989946195,0.0002,76.69989409,40.5256416491244,6.270825697,42.1450866301835
Fragment,0.002212588,0.148827730530593,0.0180812666930811,0.037160643,0.0314,0.000478376279998641,0.0002,84.07075934,56.0416762603046,7.754318723,32.7418410597295
Fragment,0.001817967,0.101895842990547,0.0151583284331283,0.037174721,0.0264,0.000336791320784599,0.0002,69.10268019,38.6028190053446,6.366489908,38.2780784691273
Fragment,0.002582853,0.358169503538659,0.0302927123371933,0.06779661,0.0526,0.00134705882851471,0.0002,179.0477572,109.602273441116,2.719526337,13.6168156423328
Fragment,0.001762887,0.112834350130696,0.0152930222591624,0.035735849,0.0266,0.000342267534943583,0.0002,64.4153994,37.7658712474455,6.680757556,36.4670982705447
Fragment,0.001474584,0.0657038766404651,0.0115441921542709,0.025247956,0.02,0.000193456199347161,0.0002,38.06772521,23.8459581081292,11.1950633,53.5310222213937
Fragment,0.002184712,0.14238330576472,0.0186795481361654,0.037735849,0.0324,0.000509934742848991,0.0002,84.29647367,57.1665881039794,7.424981092,30.2913425051235
Fragment,0.002633403,0.592065410276255,0.0412558110012602,0.084388186,0.072,0.00251588004290233,0.0002,227.2271198,152.189316715407,1.789631179,7.48511571867808
Fragment,0.002795438,0.62987610365005,0.0420155305070838,0.101010101,0.0732,0.00260459268198928,0.0002,288.7193467,164.528609898196,1.325958076,7.6609135925857
Fragment,0.002720295,0.832775408553888,0.052306570305162,0.104712042,0.0916,0.00406252458104547,0.0002,291.2552583,199.321414402397,1.200693646,4.81010155729905
Fragment,0.001862402,0.331932435701896,0.0183774427245805,0.035273369,0.0494,0.000761853349124152,0.0002,42.43468715,26.6421334039716,4.014904573,14.7825546413874
Fragment,0.001823016,0.288073635876191,0.0180987237517919,0.035971223,0.0488,0.000741511935086209,0.0002,42.35905822,25.6831875356501,3.778989772,14.9192372908361
Fragment,0.001589028,0.244162329384844,0.0154805390140469,0.027020681,0.042,0.000545664827644422,0.0002,27.7350146,19.1482072533844,5.837603088,17.7752372084659
Fragment,0.001887135,0.281534172714555,0.0188074536736408,0.035898305,0.0506,0.000798880872503432,0.0002,43.76003465,27.6276192086366,3.927813493,14.3018298996515
Fragment,0.001762689,0.227494364831381,0.015637666572876,0.029895366,0.042,0.000550590825384253,0.0002,34.03926738,21.4564631207684,5.290096612,19.3231853614363
Fragment,0.002326884,0.357770418917705,0.0248898564925945,0.045045045,0.0668,0.00139718856870764,0.0002,67.70525074,45.0824611699414,3.075929004,10.0687413146578
Fragment,0.001572976,0.151910544045107,0.0125483189370473,0.023557126,0.0338,0.000355074273666664,0.0002,23.93563716,15.3644895428958,7.602792007,26.7793722004533
Fragment,0.001931166,0.203758372039665,0.0164891984062162,0.028409091,0.0442,0.000611117706943028,0.0002,35.43868486,24.7873238933202,6.41801341,19.0400161214468
Fragment,0.002105099,0.254068514462169,0.0183315267300732,0.033167496,0.0492,0.000756998376282484,0.0002,45.1009592,30.0387359082001,5.132663125,16.7929266909011
Fragment,0.001903886,0.198345794339446,0.0156969545413835,0.030769231,0.0422,0.000555651669391774,0.0002,37.84061887,23.2630595406914,5.393905662,20.7141066684167
Fragment,0.003009733,0.194618364326994,0.0208274509769925,0.040241449,0.0552,0.00096470848103932,0.0002,78.23520109,48.7949168591925,4.985129165,18.5996471535566
Fragment,0.00252976,0.146375397879432,0.0159897232665562,0.035735849,0.0424,0.000568157558344529,0.0002,58.39612919,31.486962010568,5.31332986,26.5247315023687
Fragment,0.003482348,0.155076239361521,0.0204096299815134,0.046082949,0.0538,0.000920919106700596,0.0002,103.6604469,55.3245374552853,4.398324944,22.4104614542646
Fragment,0.002552543,0.15210265891292,0.0159135262287026,0.033900369,0.0422,0.000562845611688306,0.0002,55.89565457,31.6191348334689,5.957441725,27.0206820858828
Fragment,0.00305554,0.139544326572798,0.0186486213535704,0.04,0.0494,0.000772708170457999,0.0002,78.94936371,44.3552667891541,5.122284464,23.5530804095748
Fragment,0.002679545,0.262446090574843,0.0232300352598224,0.0456621,0.0618,0.00120529614875689,0.0002,79.03464949,48.4530829422955,3.447028777,13.3108469502562
Fragment,0.002894656,0.107976997051811,0.0165674436252684,0.038910506,0.0438,0.000608138495677922,0.0002,72.75526401,37.3304265658272,5.128127612,28.2708973943148
Fragment,0.002893857,0.156845720807416,0.0183388522538002,0.03649635,0.0486,0.000747359069158314,0.0002,68.22243129,41.3104294359995,5.827387715,23.0665236292843
Fragment,0.002787807,0.184092479996992,0.019049798369681,0.043103448,0.0504,0.00080506208043043,0.0002,77.62031085,41.339343829839,4.024707892,20.5934394046531
Fragment,0.002904201,0.246427092654357,0.0215659932229865,0.04784689,0.0572,0.00103542717094806,0.0002,89.75962839,48.7535928766553,3.402631649,16.7393319338364
Fragment,0.001740289,0.254488461543747,0.0175285818345274,0.03327787,0.047,0.00069134326553579,0.0002,37.4091264,23.7702965160042,4.241101031,15.2773814867622
Fragment,0.001925098,0.257537815659095,0.0200667763486797,0.040968577,0.0538,0.000906825586158714,0.0002,50.94532483,30.1021071116695,3.095418183,12.8950174172431
Fragment,0.001806142,0.187543972882726,0.0161217344556136,0.027390244,0.0432,0.000584217729222773,0.0002,31.95570988,22.689770280142,6.497232288,18.7435885112011
Fragment,0.001619626,0.214639328769005,0.0150403333034418,0.026075619,0.0404,0.000509693464075917,0.0002,27.28035675,18.9818546755315,6.428561056,19.3120950849946
Fragment,0.00167143,0.202405190566132,0.0148495178351975,0.027777778,0.0398,0.000495432543209221,0.0002,29.99067677,19.3404684417873,5.846034733,20.4449459408571
Fragment,0.001826392,0.253169666550495,0.0175560269143853,0.033167496,0.047,0.000692400506204937,0.0002,39.12977386,24.9854213525199,4.480607591,15.9831945353769
Fragment,0.001937634,0.248310434563996,0.018557251019087,0.03649635,0.0496,0.000772583529429063,0.0002,45.67954529,28.0189484682134,3.925916726,15.176347055795
Fragment,0.001899524,0.234553828848177,0.0188138813403294,0.035523979,0.0504,0.000795976136580704,0.0002,43.58801544,27.8477190838673,4.062280579,14.4746638636175
Fragment,0.002021166,0.195021366732895,0.0173185462642852,0.037243948,0.0462,0.000671264623352285,0.0002,48.62484634,27.2759484918207,3.932409484,18.1761940654763
Fragment,0.002182857,0.265850343081488,0.0200851802662247,0.034843206,0.0536,0.000903866598195288,0.0002,49.1296891,34.1639016781621,4.85240821,14.5947002944454
Fragment,0.002329768,0.130855256526302,0.014697974832599,0.034482759,0.0388,0.000477664608221968,0.0002,51.89377308,26.6831205826608,5.287822458,29.0887578959858
Fragment,0.002117852,0.134588424310743,0.0150612989318177,0.029368576,0.04,0.00050496700756906,0.0002,40.1771498,24.8556130566448,6.626711992,25.1825747675014
Fragment,0.002273014,0.16659260114386,0.0167691330923087,0.034467532,0.0444,0.000624172021675188,0.0002,50.60726401,29.7015535529084,5.163568008,21.8023743791858
Fragment,0.002436774,0.199939784530085,0.0178585659843873,0.03968254,0.0472,0.000706706448475618,0.0002,62.46191836,33.910038162258,4.176231488,20.6082774060799
Fragment,0.002423198,0.134230751103771,0.0158692010741784,0.034013605,0.0418,0.000555640835466903,0.0002,53.24051475,29.9647327377214,5.65264693,25.9537658259409
Fragment,0.00226653,0.118843000909657,0.0147308215014874,0.027855153,0.039,0.000481281021748557,0.0002,40.78192505,26.0168601483657,7.88349308,28.1730668309228
Fragment,0.002482053,0.122707246316342,0.015563007444595,0.031397174,0.041,0.000534400673148174,0.0002,50.33872398,30.1003135559983,6.795135721,27.6404310278943
Fragment,0.002614716,0.151271901409957,0.0176023161463692,0.044345898,0.0464,0.00068472792994349,0.0002,74.89943331,35.8641700365628,3.588275612,22.761902863819
Fragment,0.00251205,0.163366798250134,0.0176868879385987,0.044345898,0.0468,0.000694332321417531,0.0002,71.95855078,34.6215212954927,3.447384064,21.6597646516669
Fragment,0.002440144,0.143672938321042,0.0162899361024787,0.040194093,0.043,0.000586917417364891,0.0002,63.35463015,30.9742843158846,4.07623571,24.8026246301978
Fragment,0.001413932,0.0945662100959202,0.00516307623970211,0.00773589,0.0406,0.000171475489655736,0.0002,11.18407026,7.86753742770678,16.68819577,37.3921382824653
Fragment,0.001553735,0.0879068192107053,0.00562197551297335,0.013368984,0.044,0.000202382500068586,0.0002,21.23912323,9.41385825186782,6.140188967,34.6556765415132
Fragment,0.001254669,0.0443114415037606,0.00372654934308601,0.007533333,0.0294,8.9587287190283e-05,0.0002,9.664456105,5.03892390427235,15.61551181,63.696470853405
Fragment,0.001543662,0.0793352663891255,0.00523947962556725,0.008774576,0.041,0.000175799508579236,0.0002,13.84967451,8.71649981599342,14.16124594,39.6435339970531
Fragment,0.001756348,0.0722279299163795,0.00548193468260914,0.010498688,0.0426,0.000190981151270168,0.0002,18.85414369,10.3763875325066,11.25491253,41.2024534607665
Fragment,0.001273567,0.0489875807777533,0.00372830240973572,0.005050505,0.0296,9.03117267234989e-05,0.0002,6.576848346,5.11722702706863,35.26580137,64.5973851697459
Fragment,0.001340718,0.0683668199216447,0.00433662874813796,0.008067769,0.0342,0.000121355713600423,0.0002,11.05992249,6.26601515125881,14.54896286,50.2611999291087
Fragment,0.001460707,0.113655451426952,0.0055506526472153,0.009458571,0.0434,0.000197051478122409,0.0002,14.12699412,8.73793716143062,11.53223488,33.4230833949342
Fragment,0.001401742,0.082059449697783,0.00508971946313604,0.012746973,0.04,0.0001666375605901,0.0002,18.26990611,7.68889070637912,6.093341488,38.1484319236921
Fragment,0.001333964,0.0403310903939104,0.00367854275506268,0.007447366,0.0288,8.65656338548207e-05,0.0002,10.1579917,5.28836805984766,16.98791773,69.5002480716747
Fragment,0.001861531,0.107220069443889,0.00571563008915427,0.008333333,0.0444,0.000207525638671336,0.0002,15.86171543,11.4666390753068,18.93364591,40.1712432982406
Fragment,0.001665586,0.0456315373804487,0.00444692592915811,0.011255167,0.0344,0.000125024371788503,0.0002,19.16814518,7.98231226938389,9.286767251,59.3809586447007
Fragment,0.002097134,0.0898614867757904,0.00624419699927926,0.009708738,0.0482,0.000246046844018501,0.0002,20.81853206,14.1125188064421,15.71455677,37.9174441709002
Fragment,0.001676401,0.0558038712491293,0.00459956250435062,0.011342228,0.0356,0.000133846642345941,0.0002,19.44184885,8.30990755181606,9.204130848,55.8654898441517
Fragment,0.001678548,0.0704714414095899,0.00483216455666624,0.007246084,0.0374,0.000147667085666664,0.0002,12.4365035,8.74132437677424,22.58023595,50.6786124464805
Fragment,0.001949671,0.0512871107064204,0.00514875436093621,0.009470987,0.0396,0.000166561770013892,0.0002,18.88068462,10.8184554448645,15.35226269,51.8477349980257
Fragment,0.001758304,0.105668657626454,0.00614608636820049,0.016420361,0.0476,0.000239240585658291,0.0002,29.52146189,11.6464717901965,4.606065359,32.8147258605486
Fragment,0.001528301,0.0483983615783228,0.00428090344138223,0.008992806,0.0332,0.000116129093587675,0.0002,14.05288058,7.05092484348443,13.34811919,58.7932555384178
Fragment,0.001854533,0.0726679034915195,0.005456684027835,0.010557071,0.0424,0.00018926500175663,0.0002,20.01884723,10.9059908308828,11.75300968,43.9106875902983
Fragment,0.002125587,0.0753086317329911,0.00572235343950983,0.015029496,0.044,0.000205781366359431,0.0002,32.66513317,13.1085700662275,6.646477893,45.7621939415737
Fiber,0.001013252,0.160892412530852,0.0152696441825693,0.023337223,0.0244,0.000313878478168966,0.0002,24.1784231,22.6542949186301,10.51261591,24.5479761605374
Fiber,0.001115229,0.105991518073727,0.0143033541246969,0.020833333,0.023,0.000277305501241758,0.0002,23.75657386,23.3564109755955,14.51903878,30.7932331739643
Fiber,0.000953507,0.0264258750482728,0.00839536054917465,0.019379845,0.0134,9.38733590738549e-05,0.0002,18.89449762,11.7210738172432,14.34547059,76.4213828684866
Fiber,0.001606718,0.0610131429322852,0.0140626732853848,0.022075055,0.0222,0.000262543534667396,0.0002,36.26623957,33.0835198604393,18.63062729,45.8947569902108
Fiber,0.001139708,0.0804426690196195,0.0117470147860315,0.01552795,0.0188,0.000185448315367396,0.0002,18.09543624,19.603123470501,26.70896168,46.6552751290778
Fiber,0.00127934,0.0906309833697501,0.0147646494301395,0.024479804,0.0234,0.000290830244642699,0.0002,32.02248924,27.6575229590993,12.06317468,33.1511627274641
Fiber,0.001166456,0.0384028262485808,0.00993064393719738,0.015686275,0.0158,0.000131461540248239,0.0002,18.70894923,16.9609406755742,26.78676757,66.8174689025182
Fiber,0.001132822,0.101822681080993,0.0124469845092701,0.019029496,0.0198,0.000207156980421171,0.0002,22.04195158,20.6457178040991,17.67659252,41.304860792673
Fiber,0.00139375,0.0650769201262723,0.0126517320110627,0.021762786,0.02,0.000212574792240496,0.0002,31.01418897,25.8189768244167,16.62827972,49.1868741683198
Fiber,0.000849713,0.0530229679737175,0.00828846958137532,0.007996801,0.0132,9.12202152179841e-05,0.0002,6.94783527,10.3121868569198,75.08115532,69.8698568114889
Fiber,0.001122332,0.143028233943849,0.0153876802651214,0.015686275,0.0248,0.000321751689420069,0.0002,18.00123761,25.2870788396667,25.77349278,26.7751699470798
Fiber,0.001254411,0.0965182890396402,0.0148169323265252,0.024783147,0.0236,0.000294552396619351,0.0002,31.78759208,27.2146224826187,11.54033973,32.2764050326956
Fiber,0.000643719,0.0290840491762431,0.00632565313796248,0.010559662,0.0102,5.35286820214012e-05,0.0002,6.950359757,5.96219073296177,32.62027119,90.8795537189086
Fiber,0.000943625,0.0200220957343447,0.00734756563132204,0.013333333,0.0118,7.21999848041013e-05,0.0002,12.86469571,10.1518940267916,29.99256812,98.7394333381445
Fiber,0.00116318,0.119379934430812,0.0166246745458149,0.018796992,0.0266,0.000372947468852333,0.0002,22.3561133,28.3141964821103,18.60208157,23.7736519068906
Fiber,0.001431618,0.0439150290920783,0.0113169937349263,0.017761989,0.0178,0.000168820388588137,0.0002,26.00038411,23.7226056170846,25.6410198,63.1433516259148
Fiber,0.0014051,0.0436389604120962,0.0113374710807117,0.020639835,0.0178,0.000169076031323199,0.0002,29.65340679,23.3253188562448,18.63744115,61.74978485506
Fiber,0.001228451,0.0385709927742405,0.00985944654069002,0.018198362,0.0156,0.000128721888256182,0.0002,22.85868108,17.7343198876232,20.9596779,71.3877730616772
Fiber,0.001204416,0.0840716054670816,0.0133138327046867,0.020408163,0.0214,0.000239889698939358,0.0002,25.13284292,23.4792259339205,16.34030666,38.3827741359198
Fiber,0.001078273,0.045175818450955,0.0102388923560797,0.017777778,0.0164,0.000140766468770775,0.0002,19.6005093,16.1653782475797,19.27814676,58.1022440573734
Film,0.00130241,0.048169199186071,0.00761681514037352,0.01532567,0.0206,0.000130674811290799,0.0002,12.89341394,7.7058098091784,14.68958325,59.4382502353622
Film,0.000945978,0.0223643536534301,0.00524638275550648,0.008028904,0.0146,6.36335000625639e-05,0.0002,4.906118905,3.85512226735412,38.87489834,91.0020821510821
Film,0.001036934,0.0185341882204163,0.00501534925423762,0.009560229,0.0136,5.64337064996297e-05,0.0002,6.40353938,4.03970307065736,30.05488976,109.149732257739
Film,0.001172154,0.0275033743897306,0.00614223749569495,0.010012931,0.0168,8.57838380995416e-05,0.0002,7.581350708,5.5925313467313,30.9715526,82.2636884839936
Film,0.001073998,0.0251990279684804,0.00594441255967406,0.009225092,0.0164,8.10673441398276e-05,0.0002,6.399926463,4.95917648426131,33.43203644,80.4757663206528
Film,0.000938224,0.0213265269533733,0.00494863409635179,0.008853475,0.0136,5.58009918279779e-05,0.0002,5.365632754,3.60652568486899,31.70878865,101.444935509625
Film,0.001010671,0.0183347474356736,0.0050351721788601,0.009157509,0.0138,5.76236974909117e-05,0.0002,5.978440055,3.95294961252795,31.92682966,105.554510998999
Film,0.000897379,0.0343755488451446,0.0051856906031319,0.008949774,0.0144,6.19692610438589e-05,0.0002,5.187864059,3.61476153341006,29.67921557,88.357248097725
Film,0.000823015,0.0209671757639281,0.00431344657672652,0.007160412,0.012,4.27915224523575e-05,0.0002,3.806680427,2.75758763092997,42.52383995,117.122268916996
Film,0.000756879,0.0257800383351599,0.00458985659844122,0.00697107,0.0128,4.86352082196709e-05,0.0002,3.408210381,2.69850185507196,41.25988886,95.1270205902221
Film,0.001130627,0.0143233734957769,0.00485277624959675,0.008420738,0.0132,5.30113961405177e-05,0.0002,6.149927761,4.26193447270252,42.23957696,127.123030400762
Film,0.001356902,0.0116751017316804,0.0049837275495825,0.008932711,0.0134,5.52510278001285e-05,0.0002,7.829468183,5.25290955479101,45.0487134,144.653004970139
Film,0.001447857,0.0124159703336139,0.00519788914636234,0.009277492,0.014,6.02896155419268e-05,0.0002,8.676746242,5.84587913041334,44.56204274,141.894263770553
Film,0.001788325,0.0211708167511635,0.00710581042039999,0.015710919,0.019,0.000112313908738273,0.0002,18.14883272,9.8709104652974,19.19304682,93.7772826619378
Film,0.001224851,0.0125814610362707,0.00494930273239727,0.009066183,0.0134,5.49305734457229e-05,0.0002,7.173124009,4.70895378661124,39.4761579,132.401642051972
Film,0.001874491,0.0434160081290088,0.0093688295115991,0.019880716,0.0252,0.000197116522497868,0.0002,24.07221712,13.6416167375516,12.56377205,56.5434646330246
Film,0.001748718,0.0298420743446279,0.00721872229159619,0.013218771,0.0194,0.000116576986385332,0.0002,14.93177733,9.80566976933748,26.51174434,88.8541657356788
Film,0.001980079,0.0134642315771924,0.00674735524940151,0.014164306,0.018,0.00010095164868941,0.0002,18.11667235,10.3779898717381,26.14523406,115.158685057456
Film,0.001965935,0.0256010102927596,0.00793986349804826,0.015452251,0.0212,0.000140171502784961,0.0002,19.62282512,12.1249327626604,21.81153854,82.5683353462794
Film,0.001470483,0.0155493260357608,0.00600318911921106,0.012091898,0.016,7.96005376329852e-05,0.0002,11.48564124,6.85707945078135,26.64230381,108.034389522326
Film,0.000967263,0.00567731939183674,0.00399697139465086,0.00664697,0.0084,2.7511119430786e-05,0.0002,4.153065273,3.20227484476822,80.83183539,223.465854109235
Film,0.000625814,0.00928665958310461,0.0035942196180644,0.005163956,0.0078,2.29696897204368e-05,0.0002,2.087508381,1.86308587447925,86.64941067,178.801494765268
Film,0.000697517,0.00794968205678084,0.00371897049166615,0.005817336,0.008,2.4402707278545e-05,0.0002,2.621075736,2.1486244703689,76.10130104,186.145878299299
Film,0.00074577,0.00999245482903146,0.00408942856082879,0.006118079,0.0088,2.96030983159323e-05,0.0002,2.947274458,2.52609990891317,73.56313628,164.594858883868
Film,0.000722449,0.010860256667736,0.00430762439854175,0.005899705,0.0094,3.34204423613694e-05,0.0002,2.753203044,2.57767411717941,76.63589437,143.704569437804
Film,0.000788476,0.00695688471649791,0.00408402462320026,0.006830836,0.0086,2.88054060865993e-05,0.0002,3.479068185,2.66722601716016,62.39160874,174.477390593541
Film,0.000836086,0.00633914708132321,0.0036903140516149,0.005132153,0.0078,2.35454440940253e-05,0.0002,2.771733257,2.55562581606096,117.2026806,226.601207033716
Film,0.000656389,0.00922300864777753,0.00373854979993918,0.004539265,0.0082,2.52003319112678e-05,0.0002,1.924629778,2.03257908681317,117.618483,173.33983403285
Film,0.000641466,0.0112522013393101,0.00389733600161639,0.005502063,0.0086,2.76391039980145e-05,0.0002,2.279814636,2.07073478869651,78.23618725,155.881110102764
Film,0.000808196,0.00741861673206967,0.00390599000647955,0.006805036,0.0084,2.69797263389836e-05,0.0002,3.552611345,2.61475385998965,64.43789593,195.527235164526
Film,0.001112342,0.0106031251826439,0.00516110341646911,0.008503401,0.0108,4.60000933292129e-05,0.0002,6.109864469,4.75514632357838,56.79870361,154.124490336453
Film,0.001091642,0.0138611083160537,0.00548665099811003,0.00856898,0.0116,5.27136783435228e-05,0.0002,6.042409009,4.96101523432073,54.8918122,133.843328714773
Film,0.001096891,0.0611262058652282,0.00628565196632753,0.007538636,0.0136,7.1093685557258e-05,0.0002,5.341419703,5.71079791244475,71.2628765,102.465449376984
Film,0.001142018,0.00463712585471378,0.00402934764852337,0.006928904,0.0084,2.77478465076253e-05,0.0002,5.111380241,3.81145395006434,87.82727907,259.624591388886
Film,0.001132298,0.00564446175617915,0.00447176273475137,0.008421053,0.0094,3.46231959424154e-05,0.0002,6.159250987,4.193942587937,58.95404901,209.000876981031
Film,0.000960498,0.0065147011520963,0.00409981819414348,0.007412898,0.0086,2.89184598051495e-05,0.0002,4.599231619,3.26170028546552,64.53658963,210.9108528008
Film,0.001453873,0.00769063045859797,0.00540308791822314,0.00911577,0.0112,4.99601377708999e-05,0.0002,8.560921582,6.50656082441777,64.59892385,183.806529791397
Film,0.001312777,0.038718372041844,0.00570199922948818,0.006785004,0.0122,5.77512379748344e-05,0.0002,5.753628419,6.20013437223399,105.2873854,149.029136802226
Film,0.001096891,0.00634608923266282,0.00432146568951013,0.006874283,0.009,3.19374199170583e-05,0.0002,4.870700115,3.92624621448379,85.70259537,216.787393487491
Film,0.001080991,0.00492837454896964,0.00414537060918293,0.00669344,0.0088,3.00245412256066e-05,0.0002,4.673823219,3.71166208369072,89.08589669,232.193401940913
