Shape,ESD,CSF,Wt,Wt_Meas,Time,Distance,Timestep,Re_Meas,Re_Calc,Cd_Meas,Cd_Calc
Fragment,0.001700925,0.179853784100379,0.00816899925151942,0.040572985,0.0042,2.97251697412519e-05,5e-05,70.56401359,19.4641630072497,5.000583972,9.13743252148293
Fragment,0.002086938,0.314547798915943,0.00896478023211288,0.056497175,0.0072,5.56522047695444e-05,5e-05,120.5583645,26.207820576096,3.164211244,3.76278005496975
Fragment,0.000996582,0.0977562885497524,0.00510089332646525,0.01843318,0.0024,1.05646085923046e-05,5e-05,18.78341076,7.12100011054528,14.19456233,16.6587206351977
Fragment,0.001368883,0.217466712599566,0.00650166946656822,0.033613445,0.004,2.24605957504756e-05,5e-05,47.04791549,12.4673149100551,5.863401305,9.97764182748789
Fragment,0.00194646,0.110425679175415,0.00781510243288718,0.039215686,0.00595,4.00727569497844e-05,5e-05,78.04884112,21.308941171451,6.125412255,8.22947431300774
Fragment,0.001837442,0.614153320087042,0.00965911577838339,0.056497175,0.0058,4.84347641248064e-05,5e-05,106.1454753,24.8618088642824,2.785926202,3.65108829770667
Fragment,0.001903832,0.607812939702285,0.0108124920002849,0.05988024,0.00565,5.29033911297019e-05,5e-05,116.5663892,28.8360741612927,2.569632877,3.2789026434311
Fragment,0.002284278,0.737568823367241,0.0101575101427428,0.089686099,0.0099,8.64297178372718e-05,5e-05,209.476473,32.502587348432,1.374384276,1.92885302197398
Fragment,0.001596692,0.133253919503848,0.00614681953342775,0.040733198,0.00535,2.82969333406305e-05,5e-05,66.50141243,13.7484368885694,4.657294292,8.30360972058544
Fragment,0.00168307,0.111830014655198,0.00646526603357183,0.032906643,0.00475,2.64800907420325e-05,5e-05,56.63006065,15.2429944430261,7.522195588,12.0402979727461
Fragment,0.001939073,0.0792132220091512,0.00743842895304376,0.03868472,0.0058,3.71614781719817e-05,5e-05,76.69989409,20.2049179355968,6.270825697,9.87611575890389
Fragment,0.002212588,0.148827730530593,0.00992251801319905,0.037160643,0.00455,3.91181415667869e-05,5e-05,84.07075934,30.7541806457358,7.754318723,15.0705166672354
Fragment,0.001817967,0.101895842990547,0.0076048456727036,0.037174721,0.0048,3.15461619823549e-05,5e-05,69.10268019,19.3668109489807,6.366489908,10.6817828732081
Fragment,0.002582853,0.358169503538659,0.0125188673249809,0.06779661,0.0079,8.55302513580134e-05,5e-05,179.0477572,45.2946010397675,2.719526337,3.86196928614459
Fragment,0.001762887,0.112834350130696,0.00764403659781309,0.035735849,0.0045,2.97259970935841e-05,5e-05,64.4153994,18.8768248075238,6.680757556,11.2303727477867
Fragment,0.001474584,0.0657038766404651,0.00600834462605815,0.025247956,0.0036,1.86866406173243e-05,5e-05,38.06772521,12.4109796803044,11.1950633,17.6760123052203
Fragment,0.002184712,0.14238330576472,0.00872689904820733,0.037735849,0.00525,3.95960737594288e-05,5e-05,84.29647367,26.7076612173495,7.424981092,11.4637933814091
Fragment,0.002633403,0.592065410276255,0.0130144463335503,0.084388186,0.00935,0.000105077583315479,5e-05,227.2271198,48.0092294118722,1.789631179,2.1447445970331
Fragment,0.002795438,0.62987610365005,0.0143990344528069,0.101010101,0.0089,0.000110866478393269,5e-05,288.7193467,56.3851769525352,1.325958076,2.40180848328977
Fragment,0.002720295,0.832775408553888,0.0140199547887194,0.104712042,0.01,0.000121086326507989,5e-05,291.2552583,53.4249751425478,1.200693646,1.86915502484149
Fragment,0.001862402,0.331932435701896,0.00518312820876014,0.035273369,0.00525,2.33665600960976e-05,5e-05,42.43468715,7.51408099903781,4.014904573,7.09573379496487
Fragment,0.001823016,0.288073635876191,0.00455948452763973,0.035971223,0.0059,2.30388522767086e-05,5e-05,42.35905822,6.47018529014633,3.778989772,7.26102731470649
Fragment,0.001589028,0.244162329384844,0.0038532665909069,0.027020681,0.00485,1.59961461737143e-05,5e-05,27.7350146,4.76618722502344,5.837603088,9.10201332390521
Fragment,0.001887135,0.281534172714555,0.00444564783174627,0.035898305,0.00645,2.44984376853277e-05,5e-05,43.76003465,6.53053132882771,3.927813493,6.15200664390391
Fragment,0.001762689,0.227494364831381,0.00433733541537215,0.029895366,0.0051,1.89625047025615e-05,5e-05,34.03926738,5.95126369708876,5.290096612,8.54805058324969
Fragment,0.002326884,0.357770418917705,0.00474411227466051,0.045045045,0.0083,3.35245950662938e-05,5e-05,67.70525074,8.59290841921325,3.075929004,5.32323222006097
Fragment,0.001572976,0.151910544045107,0.00350071351392706,0.023557126,0.0043,1.28934575003901e-05,5e-05,23.93563716,4.28636508581304,7.602792007,14.4092549376905
Fragment,0.001931166,0.203758372039665,0.00407914005550679,0.028409091,0.00595,2.0733788256643e-05,5e-05,35.43868486,6.13195155223225,6.41801341,8.57297756853973
Fragment,0.002105099,0.254068514462169,0.00472947769177376,0.033167496,0.00595,2.40974340771446e-05,5e-05,45.1009592,7.74990176534786,5.132663125,8.0822981762478
Fragment,0.001903886,0.198345794339446,0.00433388098077703,0.030769231,0.00555,2.05900444102041e-05,5e-05,37.84061887,6.42285935353165,5.393905662,8.7361680300721
Fragment,0.003009733,0.194618364326994,0.00595163788343044,0.040241449,0.0094,4.77258009059125e-05,5e-05,78.23520109,13.9436014526605,4.985129165,6.10253965932294
Fragment,0.00252976,0.146375397879432,0.00588957138397258,0.035735849,0.0072,3.63036254945884e-05,5e-05,58.39612919,11.5977435840647,5.31332986,10.2359945128747
Fragment,0.003482348,0.155076239361521,0.00696037166870268,0.046082949,0.01105,6.56223776968223e-05,5e-05,103.6604469,18.8675318188837,4.398324944,5.53666023238074
Fragment,0.002552543,0.15210265891292,0.00647605391769762,0.033900369,0.0071,3.94670500564658e-05,5e-05,55.89565457,12.8674951779804,5.957441725,11.0305822384832
Fragment,0.00305554,0.139544326572798,0.00556429421220516,0.04,0.0096,4.54854232298907e-05,5e-05,78.94936371,13.2345308318705,5.122284464,8.30918404552092
Fragment,0.002679545,0.262446090574843,0.00529389591165541,0.0456621,0.0096,4.3266668012606e-05,5e-05,79.03464949,11.0419796968177,3.447028777,5.00046915046247
Fragment,0.002894656,0.107976997051811,0.00537483762933479,0.038910506,0.00975,4.45939734539426e-05,5e-05,72.75526401,12.1107991047639,5.128127612,6.96055786004897
Fragment,0.002893857,0.156845720807416,0.00553362591430903,0.03649635,0.00815,3.85060074584674e-05,5e-05,68.22243129,12.4651455660706,5.827387715,9.14423223458588
Fragment,0.002787807,0.184092479996992,0.00620339569496541,0.043103448,0.00875,4.6393258395153e-05,5e-05,77.62031085,13.4617859239322,4.024707892,5.4572332420843
Fragment,0.002904201,0.246427092654357,0.00708052718011427,0.04784689,0.00905,5.48258177026553e-05,5e-05,89.75962839,16.0067350444794,3.402631649,4.61103545692919
Fragment,0.001740289,0.254488461543747,0.00402754349449932,0.03327787,0.0062,2.13105688475161e-05,5e-05,37.4091264,5.46170272068298,4.241101031,8.5572382672969
Fragment,0.001925098,0.257537815659095,0.00393384704171685,0.040968577,0.0081,2.70839029298051e-05,5e-05,50.94532483,5.90115138341473,3.095418183,5.31138207324359
Fragment,0.001806142,0.187543972882726,0.0035255457823568,0.027390244,0.0062,1.86156100403558e-05,5e-05,31.95570988,4.96186214541857,6.497232288,9.4697183447501
Fragment,0.001619626,0.214639328769005,0.00413533690019555,0.026075619,0.0054,1.91063485796272e-05,5e-05,27.28035675,5.21905748298222,6.428561056,9.43524961151869
Fragment,0.00167143,0.202405190566132,0.00386372640452872,0.027777778,0.005,1.65304150107088e-05,5e-05,29.99067677,5.03223602434859,5.846034733,11.7489543972685
Fragment,0.001826392,0.253169666550495,0.00427126194667873,0.033167496,0.00605,2.20986115987769e-05,5e-05,39.12977386,6.07878308487366,4.480607591,7.13890371420807
Fragment,0.001937634,0.248310434563996,0.00433054529314105,0.03649635,0.00695,2.56833410428776e-05,5e-05,45.67954529,6.53853985609088,3.925916726,6.53626122855117
Fragment,0.001899524,0.234553828848177,0.0036361308950592,0.035523979,0.00715,2.2107919890578e-05,5e-05,43.58801544,5.38208729427477,4.062280579,8.35180593735001
Fragment,0.002021166,0.195021366732895,0.00402849129271453,0.037243948,0.0069,2.36878638028927e-05,5e-05,48.62484634,6.34469656534792,3.932409484,8.31722158264482
Fragment,0.002182857,0.265850343081488,0.00452672673225895,0.034843206,0.00685,2.64634298510295e-05,5e-05,49.1296891,7.6997390590944,4.85240821,8.26299593804732
Fragment,0.002329768,0.130855256526302,0.00556554232203453,0.034482759,0.00675,3.21768521081911e-05,5e-05,51.89377308,10.1038434599421,5.287822458,8.86127261990623
Fragment,0.002117852,0.134588424310743,0.00432159217241653,0.029368576,0.00705,2.59920216095932e-05,5e-05,40.1771498,7.13190962562262,6.626711992,9.12826276777555
Fragment,0.002273014,0.16659260114386,0.00486385125478526,0.034467532,0.00735,3.05142851139024e-05,5e-05,50.60726401,8.6148722013331,5.163568008,6.98055290811954
Fragment,0.002436774,0.199939784530085,0.00560909867863238,0.03968254,0.00685,3.28951515934578e-05,5e-05,62.46191836,10.6506172116272,4.176231488,6.8210442062951
Fragment,0.002423198,0.134230751103771,0.00527283367872621,0.034013605,0.0079,3.55549131509999e-05,5e-05,53.24051475,9.95633310177004,5.65264693,7.76613189080974
Fragment,0.00226653,0.118843000909657,0.00440424153637208,0.027855153,0.0069,2.59182898778787e-05,5e-05,40.78192505,7.7785570953966,7.88349308,10.0694038416864
Fragment,0.002482053,0.122707246316342,0.00491931456475381,0.031397174,0.00755,3.17090403710231e-05,5e-05,50.33872398,9.51441496168563,6.795135721,9.4580587703441
Fragment,0.002614716,0.151271901409957,0.00557379593896604,0.044345898,0.009,4.27911494466116e-05,5e-05,74.89943331,11.3564353487319,3.588275612,5.63478903998777
Fragment,0.00251205,0.163366798250134,0.00541826370652627,0.044345898,0.0085,3.92867304413568e-05,5e-05,71.95855078,10.606079088154,3.447384064,6.7201114168587
Fragment,0.002440144,0.143672938321042,0.00494326682225486,0.040194093,0.0073,3.08094201831073e-05,5e-05,63.35463015,9.39930955152757,4.07623571,10.0060828255824
Fragment,0.001413932,0.0945662100959202,0.00166455529260965,0.00773589,0.00725,1.01594781199497e-05,5e-05,11.18407026,2.53646284832885,16.68819577,18.1321688355799
Fragment,0.001553735,0.0879068192107053,0.00162653630968965,0.013368984,0.00915,1.24439578734209e-05,5e-05,21.23912323,2.72359462000509,6.140188967,16.9622251852264
Fragment,0.001254669,0.0443114415037606,0.0013790009640744,0.007533333,0.0063,7.31686731715869e-06,5e-05,9.664456105,1.86464213462817,15.61551181,33.0240237995996
Fragment,0.001543662,0.0793352663891255,0.0017698594188761,0.008774576,0.0086,1.27631492730044e-05,5e-05,13.84967451,2.94437241891127,14.16124594,18.3865403601489
Fragment,0.001756348,0.0722279299163795,0.0018423357935627,0.010498688,0.00935,1.44247357425135e-05,5e-05,18.85414369,3.48723420942259,11.25491253,20.5557779499812
Fragment,0.001273567,0.0489875807777533,0.00144871277442525,0.005050505,0.0055,6.73427101116542e-06,5e-05,6.576848346,1.98840956259071,35.26580137,44.5854291780679
Fragment,0.001340718,0.0683668199216447,0.00165486708667903,0.008067769,0.0063,8.80320592001267e-06,5e-05,11.05992249,2.39112518979235,14.54896286,25.4533203768102
Fragment,0.001460707,0.113655451426952,0.00201530710128945,0.009458571,0.00785,1.33117004329073e-05,5e-05,14.12699412,3.17253266080101,11.53223488,14.319327979793
Fragment,0.001401742,0.082059449697783,0.00163130048792652,0.012746973,0.00845,1.15619473460976e-05,5e-05,18.26990611,2.46435805583706,6.093341488,17.6503825363993
Fragment,0.001333964,0.0403310903939104,0.00154128344007727,0.007447366,0.00635,8.25104081565268e-06,5e-05,10.1579917,2.21578887576037,16.98791773,35.6902598155337
Fragment,0.001861531,0.107220069443889,0.00253322589905492,0.008333333,0.0068,1.45804634784885e-05,5e-05,15.86171543,5.08213208825425,18.93364591,20.1814626831125
Fragment,0.001665586,0.0456315373804487,0.00197460522378985,0.011255167,0.00885,1.46697717307569e-05,5e-05,19.16814518,3.54445200035775,9.286767251,20.3734818792827
Fragment,0.002097134,0.0898614867757904,0.00233583504622261,0.009708738,0.0095,1.86372047149802e-05,5e-05,20.81853206,5.27922421768053,15.71455677,20.2950097988145
Fragment,0.001676401,0.0558038712491293,0.0022050121916119,0.011342228,0.0081,1.50398895213696e-05,5e-05,19.44184885,3.98373702837835,9.204130848,19.6461414857094
Fragment,0.001678548,0.0704714414095899,0.00228655735745605,0.007246084,0.00725,1.39991837237402e-05,5e-05,12.4365035,4.13635324981826,22.58023595,18.9842686071373
Fragment,0.001949671,0.0512871107064204,0.00205417439286422,0.009470987,0.01035,1.77957426747701e-05,5e-05,18.88068462,4.31618845788989,15.35226269,17.7856843567939
Fragment,0.001758304,0.105668657626454,0.00228525221542892,0.016420361,0.00995,1.90789865144342e-05,5e-05,29.52146189,4.33041839408282,4.606065359,10.7628319869041
Fragment,0.001528301,0.0483983615783228,0.00186155753428624,0.008992806,0.00795,1.24423404151647e-05,5e-05,14.05288058,3.06610565872432,13.34811919,21.2996126449852
Fragment,0.001854533,0.0726679034915195,0.00205507563445335,0.010557071,0.00875,1.5105418632202e-05,5e-05,20.01884723,4.10737288649849,11.75300968,22.397361809273
Fragment,0.002125587,0.0753086317329911,0.00269559945433677,0.015029496,0.0093,2.11240391925509e-05,5e-05,32.66513317,6.17498633930672,6.646477893,16.7246253273586
Fiber,0.001013252,0.160892412530852,0.00402270433003879,0.023337223,0.00305,1.05667516951093e-05,5e-05,24.1784231,5.9681502184038,10.51261591,18.6316009590407
Fiber,0.001115229,0.105991518073727,0.00343795934663711,0.020833333,0.0033,9.74766244856921e-06,5e-05,23.75657386,5.61395535043065,14.51903878,33.9561054084911
Fiber,0.000953507,0.0264258750482728,0.00214043914183949,0.019379845,0.0026,4.76232734100105e-06,5e-05,18.89449762,2.9883463653367,14.34547059,227.502388347911
Fiber,0.001606718,0.0610131429322852,0.00426034817528568,0.022075055,0.00395,1.44456247429993e-05,5e-05,36.26623957,10.0227965628651,18.63062729,91.13467987559
Fiber,0.001139708,0.0804426690196195,0.0036591747502682,0.01552795,0.0021,6.60876952872709e-06,5e-05,18.09543624,6.10633899217899,26.70896168,125.262455493807
Fiber,0.00127934,0.0906309833697501,0.00402384318487773,0.024479804,0.00415,1.43381893619541e-05,5e-05,32.02248924,7.53756706491063,12.06317468,21.2370143869299
Fiber,0.001166456,0.0384028262485808,0.00362508753495476,0.015686275,0.00295,9.18758930464422e-06,5e-05,18.70894923,6.19143078867485,26.78676757,55.6720054708173
Fiber,0.001132822,0.101822681080993,0.00528262612374081,0.019029496,0.00255,1.1633554700724e-05,5e-05,22.04195158,8.76225146211818,17.67659252,20.3225575035041
Fiber,0.00139375,0.0650769201262723,0.00475861332275634,0.021762786,0.0033,1.35327107826472e-05,5e-05,31.01418897,9.71112310861273,16.62827972,38.7227833154998
Fiber,0.000849713,0.0530229679737175,0.00347809917014782,0.007996801,0.0015,4.48438400894515e-06,5e-05,6.94783527,4.32731376972861,75.08115532,75.0803543402766
Fiber,0.001122332,0.143028233943849,0.00333788868861036,0.015686275,0.00265,7.60410363966535e-06,5e-05,18.00123761,5.4852617790766,25.77349278,153.370136216317
Fiber,0.001254411,0.0965182890396402,0.00385574684072003,0.024783147,0.0038,1.25750956687326e-05,5e-05,31.78759208,7.08194465266574,11.54033973,29.0115122994858
Fiber,0.000643719,0.0290840491762431,0.00217256006920252,0.010559662,0.0015,2.79398961551049e-06,5e-05,6.950359757,2.04772807311631,32.62027119,83.8573464482616
Fiber,0.000943625,0.0200220957343447,0.00207734931896061,0.013333333,0.0021,3.73883918735015e-06,5e-05,12.86469571,2.87020643310964,29.99256812,368.537453651014
Fiber,0.00116318,0.119379934430812,0.00298978007702043,0.018796992,0.00415,1.05999255163546e-05,5e-05,22.3561133,5.09202272235553,18.60208157,29.0957633210093
Fiber,0.001431618,0.0439150290920783,0.00440749249803166,0.017761989,0.0032,1.21307763675089e-05,5e-05,26.00038411,9.23895592240023,25.6410198,74.4331816482843
Fiber,0.0014051,0.0436389604120962,0.00429945012382188,0.020639835,0.00335,1.23779489561429e-05,5e-05,29.65340679,8.84553921511494,18.63744115,57.3265325941323
Fiber,0.001228451,0.0385709927742405,0.00399236707610903,0.018198362,0.0027,9.29037436448198e-06,5e-05,22.85868108,7.18112467513592,20.9596779,73.1098402373274
Fiber,0.001204416,0.0840716054670816,0.00329497790585252,0.020408163,0.00285,8.06738297363275e-06,5e-05,25.13284292,5.81076331773,16.34030666,95.7135287847958
Fiber,0.001078273,0.045175818450955,0.00280761959311955,0.017777778,0.00265,6.39355480048255e-06,5e-05,19.6005093,4.43272876788705,19.27814676,132.660206093912
Film,0.00130241,0.048169199186071,0.00276618874328054,0.01532567,0.00385,9.10055871210954e-06,5e-05,12.89341394,2.79850882017924,14.68958325,24.50185906383
Film,0.000945978,0.0223643536534301,0.00143357738873738,0.008028904,0.00305,3.73277528860409e-06,5e-05,4.906118905,1.05341458502932,38.87489834,59.8645561609958
Film,0.001036934,0.0185341882204163,0.00188398175169958,0.009560229,0.003,4.83043435643898e-06,5e-05,6.40353938,1.51748691498856,30.05488976,52.5276417715242
Film,0.001172154,0.0275033743897306,0.00193547175651857,0.010012931,0.00335,5.53809999135538e-06,5e-05,7.581350708,1.76225463060159,30.9715526,50.2095853065474
Film,0.001073998,0.0251990279684804,0.00153952283720598,0.009225092,0.0035,4.59160538076485e-06,5e-05,6.399926463,1.28435995560742,33.43203644,52.708774072927
Film,0.000938224,0.0213265269533733,0.00185149147958131,0.008853475,0.0029,4.59162963514605e-06,5e-05,5.365632754,1.34935245694338,31.70878865,57.5286904388912
Film,0.001010671,0.0183347474356736,0.0018076346506195,0.009157509,0.0032,4.93296736937725e-06,5e-05,5.978440055,1.41911506457682,31.92682966,48.7902501542831
Film,0.000897379,0.0343755488451446,0.00193227806868168,0.008949774,0.0021,3.47976295034818e-06,5e-05,5.187864059,1.34692270886813,29.67921557,51.9329857342509
Film,0.000823015,0.0209671757639281,0.00155598767351967,0.007160412,0.002,2.66673580484271e-06,5e-05,3.806680427,0.994743364976043,42.52383995,79.1529235917286
Film,0.000756879,0.0257800383351599,0.00142202284825806,0.00697107,0.0023,2.79724295313242e-06,5e-05,3.408210381,0.836046009647078,41.25988886,65.462491394971
Film,0.001130627,0.0143233734957769,0.00185195168417051,0.008420738,0.003,4.75274858621623e-06,5e-05,6.149927761,1.62647035811752,42.23957696,71.4101720658362
Film,0.001356902,0.0116751017316804,0.00233238785263965,0.008932711,0.00335,6.67885937091973e-06,5e-05,7.829468183,2.45836521252766,45.0487134,71.1340588118181
Film,0.001447857,0.0124159703336139,0.00256139384183269,0.009277492,0.0034,7.44222881450551e-06,5e-05,8.676746242,2.88070760709047,44.56204274,66.8284345849841
Film,0.001788325,0.0211708167511635,0.00323532645439407,0.015710919,0.0052,1.4346250849504e-05,5e-05,18.14883272,4.49429633890152,19.19304682,32.0105047779091
Film,0.001224851,0.0125814610362707,0.00214219531497712,0.009066183,0.00355,6.49131321552412e-06,5e-05,7.173124009,2.03816563373491,39.4761579,49.9546719379242
Film,0.001874491,0.0434160081290088,0.00320292344489694,0.019880716,0.00575,1.57000100243528e-05,5e-05,24.07221712,4.66366198903589,12.56377205,20.1947498180847
Film,0.001748718,0.0298420743446279,0.00365744746497166,0.013218771,0.0038,1.19350529729734e-05,5e-05,14.93177733,4.96815372465069,26.51174434,40.0066497267143
Film,0.001980079,0.0134642315771924,0.00296116752086107,0.014164306,0.0059,1.48660207790302e-05,5e-05,18.11667235,4.55452031264278,26.14523406,41.5924568579812
Film,0.001965935,0.0256010102927596,0.00337571514156431,0.015452251,0.0055,1.58309618544433e-05,5e-05,19.62282512,5.15504065371192,21.81153854,31.5751424307631
Film,0.001470483,0.0155493260357608,0.00234926286840728,0.012091898,0.0046,9.19874176843562e-06,5e-05,11.48564124,2.68342073180535,26.64230381,37.5965571072289
Film,0.000967263,0.00567731939183674,0.0017569410093699,0.00664697,0.0021,3.15865678034959e-06,5e-05,4.153065273,1.40761777919563,80.83183539,152.640138098779
Film,0.000625814,0.00928665958310461,0.00126484229206468,0.005163956,0.00165,1.78859615653079e-06,5e-05,2.087508381,0.655638791782767,86.64941067,122.832896073421
Film,0.000697517,0.00794968205678084,0.0014254411439197,0.005817336,0.0019,2.32040467831203e-06,5e-05,2.621075736,0.823544507750139,76.10130104,112.348701807807
Film,0.00074577,0.00999245482903146,0.00151910256088985,0.006118079,0.0019,2.46753201577837e-06,5e-05,2.947274458,0.938371898081502,73.56313628,88.9076733135689
Film,0.000722449,0.010860256667736,0.00124007630190443,0.005899705,0.00215,2.27818897013295e-06,5e-05,2.753203044,0.742059263065903,76.63589437,89.9205367169345
Film,0.000788476,0.00695688471649791,0.0014513629254675,0.006830836,0.00265,3.28523138769496e-06,5e-05,3.479068185,0.947867192856242,62.39160874,70.5048749369318
Film,0.000836086,0.00633914708132321,0.00180368576580477,0.005132153,0.00175,2.70188198272795e-06,5e-05,2.771733257,1.24909312396737,117.2026806,120.958116001044
Film,0.000656389,0.00922300864777753,0.00119321337074464,0.004539265,0.00175,1.7889220584061e-06,5e-05,1.924629778,0.648727627894874,117.618483,122.246118638676
Film,0.000641466,0.0112522013393101,0.00132356626154665,0.005502063,0.00175,1.97910271420317e-06,5e-05,2.279814636,0.703237981480922,78.23618725,99.0376592396565
Film,0.000808196,0.00741861673206967,0.0016524503825512,0.006805036,0.00195,2.75607525915071e-06,5e-05,3.552611345,1.10618588604926,64.43789593,98.1917325580623
Film,0.001112342,0.0106031251826439,0.00235207416320364,0.008503401,0.0026,5.23578416914678e-06,5e-05,6.109864469,2.16706698305092,56.79870361,68.4587655127979
Film,0.001091642,0.0138611083160537,0.00255139478336904,0.00856898,0.00265,5.79786718412124e-06,5e-05,6.042409009,2.3069643747015,54.8918122,58.2251118342951
Film,0.001096891,0.0611262058652282,0.00454005215066903,0.007538636,0.0007,2.66860808778443e-06,5e-05,5.341419703,4.12484185941643,71.2628765,98.1316461539355
Film,0.001142018,0.00463712585471378,0.00244880752812558,0.006928904,0.0023,4.83629521004641e-06,5e-05,5.111380241,2.31638417435685,87.82727907,146.269617466793
Film,0.001132298,0.00564446175617915,0.00219608272327938,0.008421053,0.0029,5.45699682672932e-06,5e-05,6.159250987,2.05964524643012,58.95404901,85.0108558509243
Film,0.000960498,0.0065147011520963,0.00198965959018313,0.007412898,0.00215,3.66860942775325e-06,5e-05,4.599231619,1.582917326078,64.53658963,112.566901602985
Film,0.001453873,0.00769063045859797,0.00291019027419704,0.00911577,0.0031,7.73415991249115e-06,5e-05,8.560921582,3.50453857428978,64.59892385,87.0161658152173
Film,0.001312777,0.038718372041844,0.00653209259400483,0.006785004,0.00065,3.56769105087662e-06,5e-05,5.753628419,7.10274592905193,105.2873854,141.322636888074
Film,0.001096891,0.00634608923266282,0.00247619536933154,0.006874283,0.00235,4.98980185572906e-06,5e-05,4.870700115,2.24973501901442,85.70259537,117.013263368391
Film,0.001080991,0.00492837454896964,0.00195683131821572,0.00669344,0.00245,4.09858582984815e-06,5e-05,4.673823219,1.752098254354,89.08589669,118.243071501894
