Shape,ESD,CSF,Wt,Wt_Meas,Time,Distance,Timestep,Re_Meas,Re_Calc,Cd_Meas,Cd_Calc
Fragment,0.001700925,0.179853784100379,0.00623206887401487,0.040572985,0.00315,1.69628867662817e-05,5e-05,70.56401359,14.8490654364634,5.000583972,9.83395209838345
Fragment,0.002086938,0.314547798915943,0.00650139182066675,0.056497175,0.0052,2.91408302771787e-05,5e-05,120.5583645,19.0063008706656,3.164211244,4.23642677031206
Fragment,0.000996582,0.0977562885497524,0.0039918533788238,0.01843318,0.00185,6.35694023240891e-06,5e-05,18.78341076,5.57274707243938,14.19456233,18.0354933076461
Fragment,0.001368883,0.217466712599566,0.0049016441161686,0.033613445,0.003,1.26922922543297e-05,5e-05,47.04791549,9.39917679413325,5.863401305,10.9173893953845
Fragment,0.00194646,0.110425679175415,0.0060918737477371,0.039215686,0.0046,2.41249386048813e-05,5e-05,78.04884112,16.6103234639856,6.125412255,8.80825934813435
Fragment,0.001837442,0.614153320087042,0.00623974722509316,0.056497175,0.0037,1.99248994883777e-05,5e-05,106.1454753,16.0606215342069,2.785926202,4.32941900331157
Fragment,0.001903832,0.607812939702285,0.00703215664638277,0.05988024,0.00365,2.22049897249892e-05,5e-05,116.5663892,18.7542141592871,2.569632877,3.86646973130287
Fragment,0.002284278,0.737568823367241,0.00624580657669892,0.089686099,0.00605,3.24693789695098e-05,5e-05,209.476473,19.9856924549181,1.374384276,2.3965102186027
Fragment,0.001596692,0.133253919503848,0.00475312445773197,0.040733198,0.0041,1.67528513363008e-05,5e-05,66.50141243,10.6311941118926,4.657294292,9.04352720376747
Fragment,0.00168307,0.111830014655198,0.00501940793457433,0.032906643,0.00365,1.57769441462381e-05,5e-05,56.63006065,11.8341313190678,7.522195588,12.8749307040386
Fragment,0.001939073,0.0792132220091512,0.00584140288120934,0.03868472,0.00455,2.28971735509357e-05,5e-05,76.69989409,15.8669346159847,6.270825697,10.5112700987886
Fragment,0.002212588,0.148827730530593,0.00760367955308138,0.037160643,0.00345,2.26902709248431e-05,5e-05,84.07075934,23.5670959968719,7.754318723,15.8283656865947
Fragment,0.001817967,0.101895842990547,0.0059369293759565,0.037174721,0.0037,1.89490264377765e-05,5e-05,69.10268019,15.1192271073034,6.366489908,11.3742525931147
Fragment,0.002582853,0.358169503538659,0.00897510294687789,0.06779661,0.00565,4.38445354692772e-05,5e-05,179.0477572,32.4728824674476,2.719526337,4.24851714665674
Fragment,0.001762887,0.112834350130696,0.00595058305962001,0.035735849,0.0035,1.79980149799821e-05,5e-05,64.4153994,14.6948686707233,6.680757556,11.9582353234937
Fragment,0.001474584,0.0657038766404651,0.00472878475049916,0.025247956,0.0028,1.14194333635845e-05,5e-05,38.06772521,9.7678903431147,11.1950633,18.71283691672
Fragment,0.002184712,0.14238330576472,0.00668398298197891,0.037735849,0.004,2.30903205166043e-05,5e-05,84.29647367,20.4555538088747,7.424981092,12.1573910636152
Fragment,0.002633403,0.592065410276255,0.00851423993291141,0.084388186,0.0061,4.48420421704474e-05,5e-05,227.2271198,31.4083356088003,1.789631179,2.51340173410997
Fragment,0.002795438,0.62987610365005,0.00927457105135779,0.101010101,0.0057,4.57015113833794e-05,5e-05,288.7193467,36.3182914523638,1.325958076,2.78412035123072
Fragment,0.002720295,0.832775408553888,0.00838081364992935,0.104712042,0.00595,4.30506096770627e-05,5e-05,291.2552583,31.9362485592366,1.200693646,2.27623874644029
Fragment,0.001862402,0.331932435701896,0.00374843585655485,0.035273369,0.00375,1.205751723576e-05,5e-05,42.43468715,5.43417980636609,4.014904573,8.38519017940229
Fragment,0.001823016,0.288073635876191,0.00334882232718085,0.035971223,0.0043,1.23322924746917e-05,5e-05,42.35905822,4.75218214455825,3.778989772,8.61453295288153
Fragment,0.001589028,0.244162329384844,0.00286561094017085,0.027020681,0.0036,8.83981983464732e-06,5e-05,27.7350146,3.54453498939329,5.837603088,10.8418307799014
Fragment,0.001887135,0.281534172714555,0.00326709242058928,0.035898305,0.0047,1.3118649993784e-05,5e-05,43.76003465,4.79926665681322,3.927813493,7.38861497012677
Fragment,0.001762689,0.227494364831381,0.0032489014563866,0.029895366,0.0038,1.05862834105646e-05,5e-05,34.03926738,4.45782201309266,5.290096612,9.97235311759958
Fragment,0.002326884,0.357770418917705,0.0032912134499449,0.045045045,0.00575,1.61369366322766e-05,5e-05,67.70525074,5.96130405987984,3.075929004,6.51225068385644
Fragment,0.001572976,0.151910544045107,0.00267825687857805,0.023557126,0.00325,7.45069333347618e-06,5e-05,23.93563716,3.27932769405556,7.602792007,16.39785229929
Fragment,0.001931166,0.203758372039665,0.0030536834004181,0.028409091,0.00445,1.16232852421674e-05,5e-05,35.43868486,4.5904377914019,6.41801341,9.97475012376957
Fragment,0.002105099,0.254068514462169,0.00345989065451059,0.033167496,0.0043,1.27296466952521e-05,5e-05,45.1009592,5.66950822877142,5.132663125,9.3647329699365
Fragment,0.001903886,0.198345794339446,0.00326929894252788,0.030769231,0.00415,1.16110745696813e-05,5e-05,37.84061887,4.8451370459051,5.393905662,10.0660115184651
Fragment,0.003009733,0.194618364326994,0.00447373601674405,0.040241449,0.00705,2.6922549507944e-05,5e-05,78.23520109,10.4811470797913,4.985129165,6.82455153542614
Fragment,0.00252976,0.146375397879432,0.00454616070920297,0.035735849,0.00555,2.16125201769152e-05,5e-05,58.39612919,8.95229937118485,5.31332986,11.1339975848706
Fragment,0.003482348,0.155076239361521,0.00534245325147503,0.046082949,0.00845,3.85228571886455e-05,5e-05,103.6604469,14.4818281998282,4.398324944,6.07609337849609
Fragment,0.002552543,0.15210265891292,0.00499611829918984,0.033900369,0.00545,2.33674257061852e-05,5e-05,55.89565457,9.92695998835979,5.957441725,11.9158011955101
Fragment,0.00305554,0.139544326572798,0.00426436882038468,0.04,0.00735,2.67121618474511e-05,5e-05,78.94936371,10.1426916837099,5.122284464,9.09353193811959
Fragment,0.002679545,0.262446090574843,0.00386986939444111,0.0456621,0.007,2.30831333410407e-05,5e-05,79.03464949,8.07175282549008,3.447028777,5.83525862389959
Fragment,0.002894656,0.107976997051811,0.00418418222335165,0.038910506,0.00755,2.68849896883736e-05,5e-05,72.75526401,9.42796672557492,5.128127612,7.67711787798506
Fragment,0.002893857,0.156845720807416,0.00419721162976982,0.03649635,0.00615,2.20420647648244e-05,5e-05,68.22243129,9.45471463862376,5.827387715,10.0258575112299
Fragment,0.002787807,0.184092479996992,0.00472814136088187,0.043103448,0.00665,2.68835404130171e-05,5e-05,77.62031085,10.260384787309,4.024707892,6.1205815108722
Fragment,0.002904201,0.246427092654357,0.00529311838373411,0.04784689,0.00675,3.05806524886052e-05,5e-05,89.75962839,11.9659936855334,3.402631649,5.21257509746427
Fragment,0.001740289,0.254488461543747,0.00299249876947128,0.03327787,0.0046,1.17629971387369e-05,5e-05,37.4091264,4.05809116479662,4.241101031,10.1121346354538
Fragment,0.001925098,0.257537815659095,0.00291123462714649,0.040968577,0.00595,1.47310797352839e-05,5e-05,50.94532483,4.36713376632271,3.095418183,6.47504882982309
Fragment,0.001806142,0.187543972882726,0.00265019188968649,0.027390244,0.00465,1.05100369704286e-05,5e-05,31.95570988,3.72988683946124,6.497232288,11.1223549964294
Fragment,0.001619626,0.214639328769005,0.00312770643467628,0.026075619,0.00405,1.0836562835683e-05,5e-05,27.28035675,3.94736391893415,6.428561056,10.9922727949705
Fragment,0.00167143,0.202405190566132,0.00291224897278264,0.027777778,0.00375,9.34976299636222e-06,5e-05,29.99067677,3.79300257273174,5.846034733,13.5091891993618
Fragment,0.001826392,0.253169666550495,0.00316894110097604,0.033167496,0.00445,1.20586251882337e-05,5e-05,39.12977386,4.50997990805808,4.480607591,8.4829037966558
Fragment,0.001937634,0.248310434563996,0.00322072693112082,0.03649635,0.00515,1.41659350731363e-05,5e-05,45.67954529,4.86286367633029,3.925916726,7.75535131120226
Fragment,0.001899524,0.234553828848177,0.00267616429937122,0.035523979,0.00525,1.19663535139619e-05,5e-05,43.58801544,3.96117474555411,4.062280579,9.96149194602962
Fragment,0.002021166,0.195021366732895,0.00302807110254343,0.037243948,0.00515,1.32940285816791e-05,5e-05,48.62484634,4.76907877613676,3.932409484,9.64946406383943
Fragment,0.002182857,0.265850343081488,0.00327355557542383,0.034843206,0.00495,1.38482033010795e-05,5e-05,49.1296891,5.5681566873883,4.85240821,9.61704652414877
Fragment,0.002329768,0.130855256526302,0.00431829994172125,0.034482759,0.0052,1.92253468843521e-05,5e-05,51.89377308,7.83956425081659,5.287822458,9.75430352836855
Fragment,0.002117852,0.134588424310743,0.00333932846232991,0.029368576,0.0054,1.53799031670868e-05,5e-05,40.1771498,5.51088299252659,6.626711992,10.2724460180067
Fragment,0.002273014,0.16659260114386,0.00372168961714243,0.034467532,0.0056,1.77964147596085e-05,5e-05,50.60726401,6.5918710801788,5.163568008,7.92820445195057
Fragment,0.002436774,0.199939784530085,0.00423651021538388,0.03968254,0.00515,1.86816568847794e-05,5e-05,62.46191836,8.04433139839207,4.176231488,7.69055791094934
Fragment,0.002423198,0.134230751103771,0.0040850667894577,0.034013605,0.0061,2.12780359665413e-05,5e-05,53.24051475,7.71355369370281,5.65264693,8.6262775915406
Fragment,0.00226653,0.118843000909657,0.00340874350226064,0.027855153,0.00535,1.55771679353959e-05,5e-05,40.78192505,6.02035690752282,7.88349308,11.1848952206749
Fragment,0.002482053,0.122707246316342,0.0038075364286858,0.031397174,0.0058,1.88498523775885e-05,5e-05,50.33872398,7.36413195118864,6.795135721,10.418613205635
Fragment,0.002614716,0.151271901409957,0.00429645136189635,0.044345898,0.0069,2.52894423763893e-05,5e-05,74.89943331,8.75388562025435,3.588275612,6.34235655911857
Fragment,0.00251205,0.163366798250134,0.00415941105937596,0.044345898,0.0065,2.30707914849596e-05,5e-05,71.95855078,8.14191502025775,3.447384064,7.53082597130023
Fragment,0.002440144,0.143672938321042,0.00379660164889369,0.040194093,0.0056,1.81679201535787e-05,5e-05,63.35463015,7.21899816961812,4.07623571,11.0288767940932
Fragment,0.001413932,0.0945662100959202,0.00129827065450901,0.00773589,0.0056,6.13620401572871e-06,5e-05,11.18407026,1.97831534756347,16.68819577,21.0106277780501
Fragment,0.001553735,0.0879068192107053,0.00127021967900868,0.013368984,0.0071,7.56700455957573e-06,5e-05,21.23912323,2.1269512788391,6.140188967,19.6203637585364
Fragment,0.001254669,0.0443114415037606,0.00108937934578561,0.007533333,0.00495,4.55971948534552e-06,5e-05,9.664456105,1.47302480684555,15.61551181,37.1089204183071
Fragment,0.001543662,0.0793352663891255,0.00138843860133105,0.008774576,0.0067,7.82235329057998e-06,5e-05,13.84967451,2.30983335710749,14.16124594,20.9127670816561
Fragment,0.001756348,0.0722279299163795,0.001444769924278,0.010498688,0.0073,8.85961791687714e-06,5e-05,18.85414369,2.73470836439874,11.25491253,22.8808715037002
Fragment,0.001273567,0.0489875807777533,0.0011423929043716,0.005050505,0.0043,4.164418057728e-06,5e-05,6.576848346,1.56797469822094,35.26580137,48.8505981341978
Fragment,0.001340718,0.0683668199216447,0.00130119277614103,0.008067769,0.0049,5.39500183825019e-06,5e-05,11.05992249,1.88009952512284,14.54896286,28.6728099117435
Fragment,0.001460707,0.113655451426952,0.00157069371020811,0.009458571,0.0061,8.08608526496628e-06,5e-05,14.12699412,2.4726142693397,11.53223488,16.5855283255938
Fragment,0.001401742,0.082059449697783,0.00127982979816596,0.012746973,0.00655,7.04696675252455e-06,5e-05,18.26990611,1.93340153855986,6.093341488,20.4858579532751
Fragment,0.001333964,0.0403310903939104,0.00121887494184153,0.007447366,0.005,5.15611951526547e-06,5e-05,10.1579917,1.7522860927774,16.98791773,39.3564670025145
Fragment,0.001861531,0.107220069443889,0.00196662806722527,0.008333333,0.00525,8.75316787066003e-06,5e-05,15.86171543,3.94542926860005,18.93364591,22.0661826867967
Fragment,0.001665586,0.0456315373804487,0.00156097656662774,0.011255167,0.00695,9.12758048710501e-06,5e-05,19.16814518,2.80198109851862,9.286767251,22.5821603490227
Fragment,0.002097134,0.0898614867757904,0.001819358359419,0.009708738,0.0074,1.13425065968384e-05,5e-05,20.81853206,4.11193449949159,15.71455677,22.113490295914
Fragment,0.001676401,0.0558038712491293,0.00174035984416278,0.011342228,0.00635,9.32234997167279e-06,5e-05,19.44184885,3.14426195930726,9.204130848,21.6748506707796
Fragment,0.001678548,0.0704714414095899,0.00179918724912051,0.007246084,0.0057,8.68343858626703e-06,5e-05,12.4365035,3.25470690716065,22.58023595,20.966245958929
Fragment,0.001949671,0.0512871107064204,0.00162089287588737,0.009470987,0.0081,1.10104821786786e-05,5e-05,18.88068462,3.40578635712915,15.35226269,19.643040983853
Fragment,0.001758304,0.105668657626454,0.00178464801288742,0.016420361,0.00775,1.1636206930924e-05,5e-05,29.52146189,3.38180290551452,4.606065359,12.3866615895932
Fragment,0.001528301,0.0483983615783228,0.00147096676447655,0.008992806,0.00625,7.75029157040404e-06,5e-05,14.05288058,2.42277739865088,13.34811919,23.7862204744424
Fragment,0.001854533,0.0726679034915195,0.00161123158051476,0.010557071,0.00685,9.30066462321003e-06,5e-05,20.01884723,3.22028483853676,11.75300968,24.5458629399117
Fragment,0.002125587,0.0753086317329911,0.00211742049760055,0.015029496,0.00725,1.29494029351566e-05,5e-05,32.66513317,4.85051390933318,6.646477893,18.1987478692956
Fiber,0.001013252,0.160892412530852,0.00301855718674095,0.023337223,0.00225,5.83745432373965e-06,5e-05,24.1784231,4.47838102313093,10.51261591,20.5342653738206
Fiber,0.001115229,0.105991518073727,0.00258509745738259,0.020833333,0.00245,5.43686409478859e-06,5e-05,23.75657386,4.22128950316221,14.51903878,36.374215532571
Fiber,0.000953507,0.0264258750482728,0.00168057222098299,0.019379845,0.002,2.87235680332287e-06,5e-05,18.89449762,2.34630912418484,14.34547059,230.00240478749
Fiber,0.001606718,0.0610131429322852,0.00326751414831349,0.022075055,0.003,8.40830822961586e-06,5e-05,36.26623957,7.68707819816475,18.63062729,92.8258405073099
Fiber,0.001139708,0.0804426690196195,0.00274281695893406,0.01552795,0.00155,3.64832586156621e-06,5e-05,18.09543624,4.57714410702065,26.70896168,127.650634616223
Fiber,0.00127934,0.0906309833697501,0.00309861577675969,0.024479804,0.00315,8.36921092398015e-06,5e-05,32.02248924,5.80440716812527,12.06317468,22.8167202392161
Fiber,0.001166456,0.0384028262485808,0.00285438209607405,0.015686275,0.0023,5.63547878338901e-06,5e-05,18.70894923,4.87511239987084,26.78676757,57.7941088416046
Fiber,0.001132822,0.101822681080993,0.00410587911960325,0.019029496,0.00195,6.8962050778962e-06,5e-05,22.04195158,6.81039022567581,17.67659252,21.6997663045272
Fiber,0.00139375,0.0650769201262723,0.00370668746139255,0.021762786,0.00255,8.1384435192848e-06,5e-05,31.01418897,7.56440917159541,16.62827972,40.3305289621033
Fiber,0.000849713,0.0530229679737175,0.00272613433599142,0.007996801,0.00115,2.68397473985161e-06,5e-05,6.94783527,3.3917487895448,75.08115532,77.9012380398037
Fiber,0.001122332,0.143028233943849,0.0022856457789647,0.015686275,0.00175,3.42273293833452e-06,5e-05,18.00123761,3.75607655061812,25.77349278,156.500786606584
Fiber,0.001254411,0.0965182890396402,0.00293640147027515,0.024783147,0.00285,7.1719903612696e-06,5e-05,31.78759208,5.3933604952683,11.54033973,30.9265461737052
Fiber,0.000643719,0.0290840491762431,0.00171641557891247,0.010559662,0.00115,1.68549002974655e-06,5e-05,6.950359757,1.61779295122708,32.62027119,88.5436963589319
Fiber,0.000943625,0.0200220957343447,0.00163361950361676,0.013333333,0.0016,2.23243609221925e-06,5e-05,12.86469571,2.25711928453142,29.99256812,368.216693038009
Fiber,0.00116318,0.119379934430812,0.0021745013235343,0.018796992,0.003,5.57943642964181e-06,5e-05,22.3561133,3.70348649866704,18.60208157,31.8585450699376
Fiber,0.001431618,0.0439150290920783,0.00345468308846481,0.017761989,0.0025,7.42823803107069e-06,5e-05,26.00038411,7.24168329145018,25.6410198,76.1511017311638
Fiber,0.0014051,0.0436389604120962,0.00337392993966278,0.020639835,0.0026,7.52970695689002e-06,5e-05,29.65340679,6.94140616377433,18.63744115,59.0826248003533
Fiber,0.001228451,0.0385709927742405,0.00314120361382737,0.018198362,0.0021,5.67734885458949e-06,5e-05,22.85868108,5.65012543958415,20.9596779,75.097328274023
Fiber,0.001204416,0.0840716054670816,0.00243785760699244,0.020408163,0.0021,4.4003968733071e-06,5e-05,25.13284292,4.29921351867019,16.34030666,98.593543689836
Fiber,0.001078273,0.045175818450955,0.0021767814481,0.017777778,0.002,3.72940832116497e-06,5e-05,19.6005093,3.43674825821919,19.27814676,135.35861858262
Film,0.00130241,0.048169199186071,0.00218587306638698,0.01532567,0.00305,5.70891458221923e-06,5e-05,12.89341394,2.21141275010091,14.68958325,27.2778051393226
Film,0.000945978,0.0223643536534301,0.00113585699716047,0.008028904,0.0024,2.33353587218908e-06,5e-05,4.906118905,0.834645089073489,38.87489834,67.0764334166391
Film,0.001036934,0.0185341882204163,0.00149426776563141,0.009560229,0.00235,3.00265816828108e-06,5e-05,6.40353938,1.20358479045207,30.05488976,57.8025374971471
Film,0.001172154,0.0275033743897306,0.00153241190246861,0.010012931,0.0026,3.40062420809646e-06,5e-05,7.581350708,1.39526705156982,30.9715526,54.9171244657599
Film,0.001073998,0.0251990279684804,0.00121872100121342,0.009225092,0.00275,2.86281542560184e-06,5e-05,6.399926463,1.01672830905,33.43203644,58.7531155445914
Film,0.000938224,0.0213265269533733,0.00146821934685232,0.008853475,0.00225,2.82206606077828e-06,5e-05,5.365632754,1.07002673512437,31.70878865,63.4174507330125
Film,0.001010671,0.0183347474356736,0.00143383561380425,0.009157509,0.00255,3.12941732871115e-06,5e-05,5.978440055,1.12565762057007,31.92682966,54.2404808381259
Film,0.000897379,0.0343755488451446,0.00152936147298985,0.008949774,0.00165,2.16577688471479e-06,5e-05,5.187864059,1.06606379869718,29.67921557,57.7475420357878
Film,0.000823015,0.0209671757639281,0.00123350475596375,0.007160412,0.00155,1.63692914773579e-06,5e-05,3.806680427,0.788579943493889,42.52383995,87.1034450873706
Film,0.000756879,0.0257800383351599,0.00112692018090612,0.00697107,0.0018,1.73738232771474e-06,5e-05,3.408210381,0.6625471043531,41.25988886,74.2529128768863
Film,0.001130627,0.0143233734957769,0.00146918114444435,0.008420738,0.00235,2.95505983981288e-06,5e-05,6.149927761,1.2903034148076,42.23957696,76.7361581279736
Film,0.001356902,0.0116751017316804,0.00185095109065533,0.008932711,0.00265,4.19875377910531e-06,5e-05,7.829468183,1.95092499997692,45.0487134,75.054591586127
Film,0.001447857,0.0124159703336139,0.0020325875165708,0.009277492,0.0027,4.69851850151923e-06,5e-05,8.676746242,2.28597813637013,44.56204274,70.2977403653733
Film,0.001788325,0.0211708167511635,0.00256557500752733,0.015710919,0.0041,8.97453178288138e-06,5e-05,18.14883272,3.56392300005682,19.19304682,34.1820398215635
Film,0.001224851,0.0125814610362707,0.00169999616994915,0.009066183,0.0028,4.06823614269263e-06,5e-05,7.173124009,1.61744064457929,39.4761579,54.1345124931018
Film,0.001874491,0.0434160081290088,0.00253015278701504,0.019880716,0.0045,9.70618342645809e-06,5e-05,24.07221712,3.68406475592018,12.56377205,22.0355602711518
Film,0.001748718,0.0298420743446279,0.00289699507185962,0.013218771,0.00295,7.32174605572307e-06,5e-05,14.93177733,3.93518074952462,26.51174434,42.1964920240161
Film,0.001980079,0.0134642315771924,0.00234951066027162,0.014164306,0.00465,9.30213179631103e-06,5e-05,18.11667235,3.61374152309564,26.14523406,43.9082797645651
Film,0.001965935,0.0256010102927596,0.00267503895167975,0.015452251,0.00435,9.93305676779289e-06,5e-05,19.62282512,4.08504093736468,21.81153854,33.5688553058022
Film,0.001470483,0.0155493260357608,0.00186378475123742,0.012091898,0.00365,5.80389953100235e-06,5e-05,11.48564124,2.12888847321028,26.64230381,40.7958366362119
Film,0.000967263,0.00567731939183674,0.00139475047158874,0.00664697,0.00165,1.97154994404728e-06,5e-05,4.153065273,1.11743965840601,80.83183539,158.978302018366
Film,0.000625814,0.00928665958310461,0.00100392187908804,0.005163956,0.0013,1.12118008246835e-06,5e-05,2.087508381,0.520389088805004,86.64941067,134.630340770876
Film,0.000697517,0.00794968205678084,0.0011315273420438,0.005817336,0.0015,1.45750871099317e-06,5e-05,2.621075736,0.653736656812667,76.10130104,122.032768131624
Film,0.00074577,0.00999245482903146,0.00120567609132333,0.006118079,0.0015,1.54930058483332e-06,5e-05,2.947274458,0.744763777913606,73.56313628,97.3504520004674
Film,0.000722449,0.010860256667736,0.000984005944326209,0.005899705,0.0017,1.43457385020905e-06,5e-05,2.753203044,0.588827255853367,76.63589437,100.12775891524
Film,0.000788476,0.00695688471649791,0.00115218415836132,0.006830836,0.0021,2.073566673225e-06,5e-05,3.479068185,0.752477236861751,62.39160874,78.5308352131865
Film,0.000836086,0.00633914708132321,0.001431872745463,0.005132153,0.00135,1.65000054709982e-06,5e-05,2.771733257,0.991604211034016,117.2026806,127.927409000337
Film,0.000656389,0.00922300864777753,0.000946960864581432,0.004539265,0.00135,1.09455183610427e-06,5e-05,1.924629778,0.514844780029423,117.618483,134.145962565236
Film,0.000641466,0.0112522013393101,0.001050415317681,0.005502063,0.0014,1.26265060834905e-06,5e-05,2.279814636,0.558107266091406,78.23618725,109.856319427282
Film,0.000808196,0.00741861673206967,0.00131175908958611,0.006805036,0.00155,1.74391818641934e-06,5e-05,3.552611345,0.878119794772125,64.43789593,105.706385323003
Film,0.001112342,0.0106031251826439,0.00186672789173074,0.008503401,0.00205,3.27823955574627e-06,5e-05,6.109864469,1.71989661031776,56.79870361,72.7240223404968
Film,0.001091642,0.0138611083160537,0.002024545838522,0.00856898,0.0021,3.65020593482742e-06,5e-05,6.042409009,1.83058896054224,54.8918122,62.1807402322811
Film,0.001096891,0.0611262058652282,0.00356468996511414,0.007538636,0.0005,1.4613449946848e-06,5e-05,5.341419703,3.23868138426069,71.2628765,101.034137532199
Film,0.001142018,0.00463712585471378,0.00194418441852147,0.006928904,0.0018,3.00191834576905e-06,5e-05,5.111380241,1.8390494015434,87.82727907,150.428034868308
Film,0.001132298,0.00564446175617915,0.00174344051081814,0.008421053,0.00225,3.35501870500285e-06,5e-05,6.159250987,1.63512463463949,58.95404901,89.5799309883637
Film,0.000960498,0.0065147011520963,0.00157947803111962,0.007412898,0.00165,2.2267524455208e-06,5e-05,4.599231619,1.25658839027267,64.53658963,118.309736642953
Film,0.001453873,0.00769063045859797,0.00231008382163396,0.00911577,0.00245,4.85468107469016e-06,5e-05,8.560921582,2.78187235196939,64.59892385,90.1260334275777
Film,0.001312777,0.038718372041844,0.00516715679006217,0.006785004,0.00045,1.88887418840811e-06,5e-05,5.753628419,5.61856730093988,105.2873854,142.771318655582
Film,0.001096891,0.00634608923266282,0.0019657980776445,0.006874283,0.00185,3.1183846580261e-06,5e-05,4.870700115,1.78601609160668,85.70259537,121.368034470518
Film,0.001080991,0.00492837454896964,0.00155355501564093,0.00669344,0.00195,2.59669965706224e-06,5e-05,4.673823219,1.39101464986228,89.08589669,123.551590689478
