Shape,ESD,CSF,Wt,Wt_Meas,Time
Fragment,0.001700925,0.179853784100379,0.0051166746298777,0.040572985,0.009
Fragment,0.002086938,0.314547798915943,0.0109562302370079,0.056497175,0.0192
Fragment,0.000996582,0.0977562885497524,0.00235230934092282,0.01843318,0.0042
Fragment,0.001368883,0.217466712599566,0.00575169951948135,0.033613445,0.0102
Fragment,0.00194646,0.110425679175415,0.00501208788431678,0.039215686,0.0086
Fragment,0.001837442,0.614153320087042,0.0132630595655995,0.056497175,0.0236
Fragment,0.001903832,0.607812939702285,0.0123004095720582,0.05988024,0.0218
Fragment,0.002284278,0.737568823367241,0.024210428448333,0.089686099,0.0432
Fragment,0.001596692,0.133253919503848,0.0055111413132563,0.040733198,0.0096
Fragment,0.00168307,0.111830014655198,0.00452592567407467,0.032906643,0.0078
Fragment,0.001939073,0.0792132220091512,0.00403927255907973,0.03868472,0.007
Fragment,0.002212588,0.148827730530593,0.00485770357700992,0.037160643,0.0084
Fragment,0.001817967,0.101895842990547,0.00407628825044352,0.037174721,0.007
Fragment,0.002582853,0.358169503538659,0.0115883446616136,0.06779661,0.0202
Fragment,0.001762887,0.112834350130696,0.004135180515679,0.035735849,0.0072
Fragment,0.001474584,0.0657038766404651,0.00259402794772572,0.025247956,0.0044
Fragment,0.002184712,0.14238330576472,0.00546065306854927,0.037735849,0.0094
Fragment,0.002633403,0.592065410276255,0.0178275175095,0.084388186,0.0314
Fragment,0.002795438,0.62987610365005,0.0172889221209026,0.101010101,0.0304
Fragment,0.002720295,0.832775408553888,0.0230199383679855,0.104712042,0.0408
Fragment,0.001862402,0.331932435701896,0.00673894354747531,0.035273369,0.0188
Fragment,0.001823016,0.288073635876191,0.00705577205967403,0.035971223,0.0196
Fragment,0.001589028,0.244162329384844,0.00564331397598155,0.027020681,0.0158
Fragment,0.001887135,0.281534172714555,0.00764401186535526,0.035898305,0.0212
Fragment,0.001762689,0.227494364831381,0.00550152061480555,0.029895366,0.0154
Fragment,0.002326884,0.357770418917705,0.0112306152990477,0.045045045,0.0308
Fragment,0.001572976,0.151910544045107,0.00392073093568355,0.023557126,0.011
Fragment,0.001931166,0.203758372039665,0.00611303607118814,0.028409091,0.017
Fragment,0.002105099,0.254068514462169,0.00678533894079491,0.033167496,0.0188
Fragment,0.001903886,0.198345794339446,0.00551877051797316,0.030769231,0.0152
Fragment,0.003009733,0.194618364326994,0.0080772913991221,0.040241449,0.0216
Fragment,0.00252976,0.146375397879432,0.0052161335664864,0.035735849,0.014
Fragment,0.003482348,0.155076239361521,0.00755096493259175,0.046082949,0.02
Fragment,0.002552543,0.15210265891292,0.00504081806405492,0.033900369,0.0136
Fragment,0.00305554,0.139544326572798,0.0068233081097158,0.04,0.0182
Fragment,0.002679545,0.262446090574843,0.0101665765834744,0.0456621,0.0276
Fragment,0.002894656,0.107976997051811,0.00575208779905365,0.038910506,0.0154
Fragment,0.002893857,0.156845720807416,0.00647417598142222,0.03649635,0.0174
Fragment,0.002787807,0.184092479996992,0.00703435460701852,0.043103448,0.0188
Fragment,0.002904201,0.246427092654357,0.00832754817388544,0.04784689,0.0224
Fragment,0.001740289,0.254488461543747,0.00710618671841224,0.03327787,0.0196
Fragment,0.001925098,0.257537815659095,0.00917012775788225,0.040968577,0.0252
Fragment,0.001806142,0.187543972882726,0.00626845866336402,0.027390244,0.0174
Fragment,0.001619626,0.214639328769005,0.00546508643280179,0.026075619,0.0152
Fragment,0.00167143,0.202405190566132,0.00523089306894074,0.027777778,0.0146
Fragment,0.001826392,0.253169666550495,0.00686927561531135,0.033167496,0.019
Fragment,0.001937634,0.248310434563996,0.00763577187368291,0.03649635,0.021
Fragment,0.001899524,0.234553828848177,0.00810668332677469,0.035523979,0.0224
Fragment,0.002021166,0.195021366732895,0.00680889618853349,0.037243948,0.0186
Fragment,0.002182857,0.265850343081488,0.00806480672532575,0.034843206,0.022
Fragment,0.002329768,0.130855256526302,0.00461181409695224,0.034482759,0.0124
Fragment,0.002117852,0.134588424310743,0.00528402409141464,0.029368576,0.0144
Fragment,0.002273014,0.16659260114386,0.00611810960760775,0.034467532,0.0166
Fragment,0.002436774,0.199939784530085,0.00632021621881327,0.03968254,0.017
Fragment,0.002423198,0.134230751103771,0.00545831521220416,0.034013605,0.0146
Fragment,0.00226653,0.118843000909657,0.00489839970720496,0.027855153,0.0132
Fragment,0.002482053,0.122707246316342,0.00521661908397503,0.031397174,0.014
Fragment,0.002614716,0.151271901409957,0.00647521047927876,0.044345898,0.0174
Fragment,0.00251205,0.163366798250134,0.00656870714438998,0.044345898,0.0176
Fragment,0.002440144,0.143672938321042,0.00563222162019688,0.040194093,0.0152
Fragment,0.001413932,0.0945662100959202,0.00142373034298427,0.00773589,0.012
Fragment,0.001553735,0.0879068192107053,0.0017297462863362,0.013368984,0.0144
Fragment,0.001254669,0.0443114415037606,0.000771283410761677,0.007533333,0.0066
Fragment,0.001543662,0.0793352663891255,0.00146739516347919,0.008774576,0.0122
Fragment,0.001756348,0.0722279299163795,0.0015302074779606,0.010498688,0.0126
Fragment,0.001273567,0.0489875807777533,0.000722984587951161,0.005050505,0.0064
Fragment,0.001340718,0.0683668199216447,0.00099087684974006,0.008067769,0.0084
Fragment,0.001460707,0.113655451426952,0.0015989586730215,0.009458571,0.0134
Fragment,0.001401742,0.082059449697783,0.00146438712048424,0.012746973,0.0122
Fragment,0.001333964,0.0403310903939104,0.0007143221558664,0.007447366,0.006
Fragment,0.001861531,0.107220069443889,0.00138920129159139,0.008333333,0.0116
Fragment,0.001665586,0.0456315373804487,0.00100688335251109,0.011255167,0.0082
Fragment,0.002097134,0.0898614867757904,0.00173824843434927,0.009708738,0.014
Fragment,0.001676401,0.0558038712491293,0.00102972746546535,0.011342228,0.0084
Fragment,0.001678548,0.0704714414095899,0.00109378365918829,0.007246084,0.009
Fragment,0.001949671,0.0512871107064204,0.00129740066935547,0.009470987,0.0104
Fragment,0.001758304,0.105668657626454,0.00186284965210975,0.016420361,0.0152
Fragment,0.001528301,0.0483983615783228,0.000952885122650099,0.008992806,0.0078
Fragment,0.001854533,0.0726679034915195,0.00142165893888195,0.010557071,0.0116
Fragment,0.002125587,0.0753086317329911,0.00142112882650473,0.015029496,0.0114
Fiber,0.001013252,0.160892412530852,0.00493109005723253,0.023337223,0.008
Fiber,0.001115229,0.105991518073727,0.00437479213421286,0.020833333,0.0072
Fiber,0.000953507,0.0264258750482728,0.00170463289421649,0.019379845,0.0026
Fiber,0.001606718,0.0610131429322852,0.00366278779723757,0.022075055,0.0058
Fiber,0.001139708,0.0804426690196195,0.00258949826788682,0.01552795,0.0042
Fiber,0.00127934,0.0906309833697501,0.00459658965593104,0.024479804,0.0074
Fiber,0.001166456,0.0384028262485808,0.00209524788779952,0.015686275,0.0032
Fiber,0.001132822,0.101822681080993,0.00301978571564905,0.019029496,0.0048
Fiber,0.00139375,0.0650769201262723,0.00304719336048922,0.021762786,0.0048
Fiber,0.000849713,0.0530229679737175,0.00141045511717851,0.007996801,0.0022
Fiber,0.001122332,0.143028233943849,0.00430845962924259,0.015686275,0.0072
Fiber,0.001254411,0.0965182890396402,0.00456227477246035,0.024783147,0.0074
Fiber,0.000643719,0.0290840491762431,0.000972887315057889,0.010559662,0.0014
Fiber,0.000943625,0.0200220957343447,0.00119818804917535,0.013333333,0.0018
Fiber,0.00116318,0.119379934430812,0.00595582867896315,0.018796992,0.0098
Fiber,0.001431618,0.0439150290920783,0.00242799662863409,0.017761989,0.0038
Fiber,0.0014051,0.0436389604120962,0.00250223618722897,0.020639835,0.0038
Fiber,0.001228451,0.0385709927742405,0.00192696540430589,0.018198362,0.003
Fiber,0.001204416,0.0840716054670816,0.00350272829722779,0.020408163,0.0058
Fiber,0.001078273,0.045175818450955,0.00230272769138101,0.017777778,0.0038
Film,0.00130241,0.048169199186071,0.00167310693688723,0.01532567,0.0048
Film,0.000945978,0.0223643536534301,0.000909583888246922,0.008028904,0.0026
Film,0.001036934,0.0185341882204163,0.000745819814208487,0.009560229,0.002
Film,0.001172154,0.0275033743897306,0.00112809698594816,0.010012931,0.0032
Film,0.001073998,0.0251990279684804,0.00115824580613295,0.009225092,0.0034
Film,0.000938224,0.0213265269533733,0.000762479478246739,0.008853475,0.0022
Film,0.001010671,0.0183347474356736,0.000789052949003175,0.009157509,0.0022
Film,0.000897379,0.0343755488451446,0.0007667948670021,0.008949774,0.0022
Film,0.000823015,0.0209671757639281,0.000525308436365822,0.007160412,0.0014
Film,0.000756879,0.0257800383351599,0.000694497370398159,0.00697107,0.002
Film,0.001130627,0.0143233734957769,0.000651606515322864,0.008420738,0.0018
Film,0.001356902,0.0116751017316804,0.000628434404718752,0.008932711,0.0016
Film,0.001447857,0.0124159703336139,0.000662618178985288,0.009277492,0.0016
Film,0.001788325,0.0211708167511635,0.00129185140993381,0.015710919,0.0034
Film,0.001224851,0.0125814610362707,0.000681806546134518,0.009066183,0.0018
Film,0.001874491,0.0434160081290088,0.00229481235632338,0.019880716,0.0062
Film,0.001748718,0.0298420743446279,0.00121367636929037,0.013218771,0.0032
Film,0.001980079,0.0134642315771924,0.00114063225319682,0.014164306,0.003
Film,0.001965935,0.0256010102927596,0.00156346532106321,0.015452251,0.0042
Film,0.001470483,0.0155493260357608,0.00101309416356813,0.012091898,0.0028
Film,0.000967263,0.00567731939183674,0.000239428156628703,0.00664697,0.0006
Film,0.000625814,0.00928665958310461,0.000243009509681748,0.005163956,0.0006
Film,0.000697517,0.00794968205678084,0.000275656631997796,0.005817336,0.0006
Film,0.00074577,0.00999245482903146,0.000401318273535836,0.006118079,0.0006
Film,0.000722449,0.010860256667736,0.000521998542039306,0.005899705,0.0008
Film,0.000788476,0.00695688471649791,0.000461808625018322,0.006830836,0.0006
Film,0.000836086,0.00633914708132321,0.000113994767902529,0.005132153,0.0006
Film,0.000656389,0.00922300864777753,0.000306953230953982,0.004539265,0.0006
Film,0.000641466,0.0112522013393101,0.000383967204397362,0.005502063,0.0006
Film,0.000808196,0.00741861673206967,0.000283757409606098,0.006805036,0.0006
Film,0.001112342,0.0106031251826439,0.00061181604532164,0.008503401,0.0008
Film,0.001091642,0.0138611083160537,0.000713558159189695,0.00856898,0.0012
Film,0.001096891,0.0611262058652282,0.000562622990109455,0.007538636,0.001
Film,0.001142018,0.00463712585471378,0.000148927122025318,0.006928904,0.0006
Film,0.001132298,0.00564446175617915,0.000433768007113472,0.008421053,0.0006
Film,0.000960498,0.0065147011520963,0.000289174327732082,0.007412898,0.0006
Film,0.001453873,0.00769063045859797,0.000592405612468517,0.00911577,0.0008
Film,0.001312777,0.038718372041844,0.000340230445799901,0.006785004,0.0006
Film,0.001096891,0.00634608923266282,0.000326926085390541,0.006874283,0.0006
Film,0.001080991,0.00492837454896964,0.000285377975464785,0.00669344,0.0006
