Shape,ESD,CSF,Wt_Calc,Wt_Meas,Time,Distance,timestep,Re_Meas,Re_Calc,Cd_Meas,Cd_Calc
Fragment,0.001700925,0.179853784100379,0.00947413417740762,0.040572985,0.0196,0.000157539165402594,0.0002,70.56401359,22.5738901796714,5.000583972,27.6771309280806
Fragment,0.002086938,0.314547798915943,0.0223397551011857,0.056497175,0.0448,0.000853195944350902,0.0002,120.5583645,65.3084937105939,3.164211244,13.6461555905789
Fragment,0.000996582,0.0977562885497524,0.00355257723740254,0.01843318,0.0076,2.24745545222654e-05,0.0002,18.78341076,4.95950440073107,14.19456233,49.8434498356829
Fragment,0.001368883,0.217466712599566,0.0101437150629475,0.033613445,0.0212,0.000182614197864502,0.0002,47.04791549,19.4511410796753,5.863401305,22.1928584244356
Fragment,0.00194646,0.110425679175415,0.00990516746385122,0.039215686,0.02,0.000167813490040875,0.0002,78.04884112,27.0077881375382,6.125412255,33.6204462473608
Fragment,0.001837442,0.614153320087042,0.0251337985609509,0.056497175,0.052,0.00111757349228226,0.0002,106.1454753,64.692432536544,2.785926202,8.14237072678048
Fragment,0.001903832,0.607812939702285,0.0235960886109981,0.05988024,0.0486,0.00098000612224012,0.0002,116.5663892,62.9289308223534,2.569632877,8.94322523658664
Fragment,0.002284278,0.737568823367241,0.0485747587073311,0.089686099,0.0986,0.00409964002345816,0.0002,209.476473,155.432317135518,1.374384276,4.46277140202987
Fragment,0.001596692,0.133253919503848,0.0103301088171755,0.040733198,0.0212,0.000185783760151657,0.0002,66.50141243,23.1050949767829,4.657294292,27.7972969643394
Fragment,0.00168307,0.111830014655198,0.00834698898509398,0.032906643,0.0172,0.000121511155436029,0.0002,56.63006065,19.6794851217431,7.522195588,34.3326864524769
Fragment,0.001939073,0.0792132220091512,0.00787904688742746,0.03868472,0.0158,0.000104965228010196,0.0002,76.69989409,21.4017632992312,6.270825697,42.6203296437761
Fragment,0.002212588,0.148827730530593,0.00942915462779515,0.037160643,0.0192,0.000153400964001147,0.0002,84.07075934,29.2250338446396,7.754318723,33.140862511747
Fragment,0.001817967,0.101895842990547,0.00768584284286658,0.037174721,0.0156,0.00010116151813956,0.0002,69.10268019,19.5730816544572,6.366489908,38.9558744839146
Fragment,0.002582853,0.358169503538659,0.0247823271127071,0.06779661,0.0486,0.00102568061202665,0.0002,179.0477572,89.6651102905426,2.719526337,13.6212330178256
Fragment,0.001762887,0.112834350130696,0.00770943095797979,0.035735849,0.0158,0.000102919694527795,0.0002,64.4153994,19.0383151228135,6.680757556,37.1955115664227
Fragment,0.001474584,0.0657038766404651,0.00440459896431729,0.025247956,0.0092,3.38966951675986e-05,0.0002,38.06772521,9.0982444663624,11.1950633,56.2262851824935
Fragment,0.002184712,0.14238330576472,0.0107205929450763,0.037735849,0.0216,0.000196202646950126,0.0002,84.29647367,32.8091298919082,7.424981092,30.5880885288119
Fragment,0.002633403,0.592065410276255,0.0378300397314705,0.084388186,0.0748,0.0024160075584963,0.0002,227.2271198,139.55192634253,1.789631179,7.48890705929207
Fragment,0.002795438,0.62987610365005,0.0368885565327934,0.101010101,0.0726,0.00228526828035328,0.0002,288.7193467,144.451893246195,1.325958076,7.66442360756789
Fragment,0.002720295,0.832775408553888,0.0478819529551596,0.104712042,0.0958,0.00392291162755706,0.0002,291.2552583,182.460798551527,1.200693646,4.81492833240975
Fragment,0.001862402,0.331932435701896,0.0108457728276672,0.035273369,0.0354,0.000325755964800431,0.0002,42.43468715,15.7233261925716,4.014904573,15.4824469774245
Fragment,0.001823016,0.288073635876191,0.0114618882560812,0.035971223,0.0372,0.000361630351272734,0.0002,42.35905822,16.2651151335714,3.778989772,15.5183989542435
Fragment,0.001589028,0.244162329384844,0.00862554581052112,0.027020681,0.0286,0.00020920937442181,0.0002,27.7350146,10.6691206749036,5.837603088,18.981082347814
Fragment,0.001887135,0.281534172714555,0.0126415419352435,0.035898305,0.041,0.000440025740632481,0.0002,43.76003465,18.5700687002841,3.927813493,14.765435521012
Fragment,0.001762689,0.227494364831381,0.00870309342004089,0.029895366,0.0284,0.000209292751735568,0.0002,34.03926738,11.9415260667862,5.290096612,20.4136870504527
Fragment,0.002326884,0.357770418917705,0.0196177813362587,0.045045045,0.0626,0.00104337799739608,0.0002,67.70525074,35.5332649505403,3.075929004,10.2209464150654
Fragment,0.001572976,0.151910544045107,0.00581280950270769,0.023557126,0.0192,9.41694998387905e-05,0.0002,23.93563716,7.11735582011058,7.602792007,29.3904531105586
Fragment,0.001931166,0.203758372039665,0.00999146521700558,0.028409091,0.0324,0.000274368041612094,0.0002,35.43868486,15.0196315431195,6.41801341,19.8339728125736
Fragment,0.002105099,0.254068514462169,0.0112836692557655,0.033167496,0.0364,0.000348232831054548,0.0002,45.1009592,18.4898489820473,5.132663125,17.4108797871085
Fragment,0.001903886,0.198345794339446,0.00895925971383898,0.030769231,0.029,0.000219930497697214,0.0002,37.84061887,13.2777215869534,5.393905662,21.6924900906396
Fragment,0.003009733,0.194618364326994,0.015468110463421,0.040241449,0.048,0.000629223681928384,0.0002,78.23520109,36.2389600563796,4.985129165,18.7671509916632
Fragment,0.00252976,0.146375397879432,0.00944312058450228,0.035735849,0.0296,0.000236212729475624,0.0002,58.39612919,18.5953924372998,5.31332986,27.112391213674
Fragment,0.003482348,0.155076239361521,0.0152417057433627,0.046082949,0.0464,0.000598522236719022,0.0002,103.6604469,41.3158063641963,4.398324944,22.5120108994313
Fragment,0.002552543,0.15210265891292,0.00918074256948134,0.033900369,0.0288,0.000223478635837684,0.0002,55.89565457,18.2415344659575,5.957441725,27.6079728987513
Fragment,0.00305554,0.139544326572798,0.0130902107048574,0.04,0.0404,0.000447439039131934,0.0002,78.94936371,31.1347298618956,5.122284464,23.7900236171384
Fragment,0.002679545,0.262446090574843,0.0189626793420374,0.0456621,0.0594,0.000955968542184862,0.0002,79.03464949,39.5522548584766,3.447028777,13.4212015082739
Fragment,0.002894656,0.107976997051811,0.0110011235800694,0.038910506,0.034,0.000316209828105507,0.0002,72.75526401,24.7881716235941,5.128127612,28.5955478367795
Fragment,0.002893857,0.156845720807416,0.0119913158408205,0.03649635,0.0374,0.000379499374717434,0.0002,68.22243129,27.0118543969592,5.827387715,23.4326217150403
Fragment,0.002787807,0.184092479996992,0.0133077957932192,0.043103448,0.0414,0.000466595254800573,0.0002,77.62031085,28.8788120082548,4.024707892,20.8332663020875
Fragment,0.002904201,0.246427092654357,0.0159837362923439,0.04784689,0.0494,0.000668829457457071,0.0002,89.75962839,36.1339523659945,3.402631649,16.8874581683226
Fragment,0.001740289,0.254488461543747,0.0115065395139042,0.03327787,0.0372,0.000363069950133022,0.0002,37.4091264,15.6038782087813,4.241101031,15.862282147764
Fragment,0.001925098,0.257537815659095,0.0156295617370872,0.040968577,0.05,0.000663728517282328,0.0002,50.94532483,23.4458556443326,3.095418183,13.1314595326472
Fragment,0.001806142,0.187543972882726,0.010129172983748,0.027390244,0.0328,0.000281666375318446,0.0002,31.95570988,14.2558239475925,6.497232288,19.5296405812926
Fragment,0.001619626,0.214639328769005,0.008630819197244,0.026075619,0.0282,0.0002062926774831,0.0002,27.28035675,10.8926413017312,6.428561056,20.3684639771688
Fragment,0.00167143,0.202405190566132,0.00812660943816343,0.027777778,0.0266,0.00018309337733345,0.0002,29.99067677,10.5843459108812,5.846034733,21.7457532522345
Fragment,0.001826392,0.253169666550495,0.0112025630319198,0.033167496,0.0362,0.00034398455256224,0.0002,39.12977386,15.9432859692946,4.480607591,16.602818536642
Fragment,0.001937634,0.248310434563996,0.0128618612633797,0.03649635,0.0412,0.000449607966545845,0.0002,45.67954529,19.4196773850439,3.925916726,15.5901306429749
Fragment,0.001899524,0.234553828848177,0.0134605639876863,0.035523979,0.0434,0.0004960888918139,0.0002,43.58801544,19.9239060701415,4.062280579,14.872439048124
Fragment,0.002021166,0.195021366732895,0.0114982656710098,0.037243948,0.0368,0.000358789686830783,0.0002,48.62484634,18.1092626021678,3.932409484,18.710377234609
Fragment,0.002182857,0.265850343081488,0.0137221843889166,0.034843206,0.0438,0.000509962934588202,0.0002,49.1296891,23.3407593090363,4.85240821,14.9812669431096
Fragment,0.002329768,0.130855256526302,0.00815407031017815,0.034482759,0.0256,0.000176279835512127,0.0002,51.89377308,14.80313062201,5.287822458,29.9174511625408
Fragment,0.002117852,0.134588424310743,0.00910731214505337,0.029368576,0.029,0.000223589301271101,0.0002,40.1771498,15.0297678632031,6.626711992,25.9462827842965
Fragment,0.002273014,0.16659260114386,0.0108090353237619,0.034467532,0.0342,0.000313194376777047,0.0002,50.60726401,19.1450052758686,5.163568008,22.3090425365802
Fragment,0.002436774,0.199939784530085,0.0112231429319583,0.03968254,0.0354,0.000336547618978413,0.0002,62.46191836,21.3106251339496,4.176231488,21.0903361026623
Fragment,0.002423198,0.134230751103771,0.00991607979977192,0.034013605,0.031,0.000259992541750759,0.0002,53.24051475,18.7238588519471,5.65264693,26.4713351104851
Fragment,0.00226653,0.118843000909657,0.00846788865737799,0.027855153,0.0268,0.000191830823576175,0.0002,40.78192505,14.9555729073691,7.88349308,29.0711991046378
Fragment,0.002482053,0.122707246316342,0.00934044369706383,0.031397174,0.0294,0.000232336334855941,0.0002,50.33872398,18.0652926521225,6.795135721,28.2922000619384
Fragment,0.002614716,0.151271901409957,0.0121530184875672,0.044345898,0.0376,0.000386666107363165,0.0002,74.89943331,24.7613960498888,3.588275612,23.0535882393955
Fragment,0.00251205,0.163366798250134,0.012134471176566,0.044345898,0.0378,0.000388380040079458,0.0002,71.95855078,23.7528418627107,3.447384064,21.9814600499157
Fragment,0.002440144,0.143672938321042,0.0100155950240988,0.040194093,0.0316,0.000267944178779242,0.0002,63.35463015,19.0440211623662,4.07623571,25.396553728145
Fragment,0.001413932,0.0945662100959202,0.001861935811262,0.00773589,0.0182,2.80737397268233e-05,0.0002,11.18407026,2.8372328826848,16.68819577,45.856259229041
Fragment,0.001553735,0.0879068192107053,0.00239900989816469,0.013368984,0.023,4.56814474209514e-05,0.0002,21.23912323,4.01708244264586,6.140188967,39.7762871271479
Fragment,0.001254669,0.0443114415037606,0.000935143362017022,0.007533333,0.0092,7.09739712914984e-06,0.0002,9.664456105,1.26447171551122,15.61551181,90.0342187575286
Fragment,0.001543662,0.0793352663891255,0.00202137111736445,0.008774576,0.0194,3.24542258644327e-05,0.0002,13.84967451,3.36279215336277,14.16124594,46.2010895757777
Fragment,0.001756348,0.0722279299163795,0.00217129855564202,0.010498688,0.0206,3.69868493552785e-05,0.0002,18.85414369,4.10990582094826,11.25491253,46.939301482482
Fragment,0.001273567,0.0489875807777533,0.000854205555832339,0.005050505,0.0084,5.9086104271464e-06,0.0002,6.576848346,1.17242736146162,35.26580137,96.7046987312523
Fragment,0.001340718,0.0683668199216447,0.00124192048499758,0.008067769,0.0122,1.25273665462144e-05,0.0002,11.05992249,1.7944567145608,14.54896286,66.5478131661144
Fragment,0.001460707,0.113655451426952,0.00218769161044622,0.009458571,0.021,3.8015341069357e-05,0.0002,14.12699412,3.44390345345394,11.53223488,39.0577672441999
Fragment,0.001401742,0.082059449697783,0.00197762838071373,0.012746973,0.0192,3.14662704821784e-05,0.0002,18.26990611,2.98754549976166,6.093341488,45.0998604389389
Fragment,0.001333964,0.0403310903939104,0.000878141937671537,0.007447366,0.0086,6.22770083840553e-06,0.0002,10.1579917,1.26243952684893,16.98791773,96.7483387966542
Fragment,0.001861531,0.107220069443889,0.00191002513621608,0.008333333,0.0184,2.91022743798144e-05,0.0002,15.86171543,3.83187304288865,18.93364591,47.530193686475
Fragment,0.001665586,0.0456315373804487,0.0014033841793715,0.011255167,0.0134,1.55445596109878e-05,0.0002,19.16814518,2.51909992028519,9.286767251,69.8287975591891
Fragment,0.002097134,0.0898614867757904,0.00257578191132717,0.009708738,0.0242,5.15555770470719e-05,0.0002,20.81853206,5.82152847981798,15.71455677,41.9978680103148
Fragment,0.001676401,0.0558038712491293,0.00143037748400293,0.011342228,0.0136,1.60644083924021e-05,0.0002,19.44184885,2.58422505293072,9.204130848,65.9470363097922
Fragment,0.001678548,0.0704714414095899,0.00149228809496817,0.007246084,0.0142,1.7488920679015e-05,0.0002,12.4365035,2.69953023096441,22.58023595,60.7708834521256
Fragment,0.001949671,0.0512871107064204,0.00190778292614319,0.009470987,0.018,2.84033158486451e-05,0.0002,18.88068462,4.00859375649072,15.35226269,58.1056870198582
Fragment,0.001758304,0.105668657626454,0.00276116884671588,0.016420361,0.026,5.94100776886081e-05,0.0002,29.52146189,5.23225238871179,4.606065359,36.1055866566231
Fragment,0.001528301,0.0483983615783228,0.00128098203953135,0.008992806,0.0122,1.28865128772666e-05,0.0002,14.05288058,2.10986026904466,13.34811919,71.6580739639063
Fragment,0.001854533,0.0726679034915195,0.00201454376865962,0.010557071,0.0192,3.20077981681754e-05,0.0002,20.01884723,4.02636395241872,11.75300968,50.3754832679128
Fragment,0.002125587,0.0753086317329911,0.00212763803711867,0.015029496,0.02,3.52039371325304e-05,0.0002,32.66513317,4.87391989676363,6.646477893,50.7610215853494
Fiber,0.001013252,0.160892412530852,0.00774878452899371,0.023337223,0.0152,9.99753879343648e-05,0.0002,24.1784231,11.496224003774,10.51261591,26.1481432762188
Fiber,0.001115229,0.105991518073727,0.00682679777705414,0.020833333,0.0134,7.74860080129229e-05,0.0002,23.75657386,11.1476995631986,14.51903878,33.0097957015396
Fiber,0.000953507,0.0264258750482728,0.00225639010964474,0.019379845,0.0044,8.06653847466173e-06,0.0002,18.89449762,3.15022980618068,14.34547059,95.5278003776726
Fiber,0.001606718,0.0610131429322852,0.00612570569430464,0.022075055,0.0116,5.9812584331609e-05,0.0002,36.26623957,14.4111935109348,18.63062729,48.2564282259579
Fiber,0.001139708,0.0804426690196195,0.00360684056050708,0.01552795,0.0072,2.16563356196915e-05,0.0002,18.09543624,6.01900500969046,26.70896168,55.0116568493609
Fiber,0.00127934,0.0906309833697501,0.00778802261273078,0.024479804,0.0148,9.7530638381175e-05,0.0002,32.02248924,14.5887252681997,12.06317468,34.4813866013818
Fiber,0.001166456,0.0384028262485808,0.00315200327945832,0.015686275,0.006,1.55879525030638e-05,0.0002,18.70894923,5.38343142400447,26.78676757,74.5592858174767
Fiber,0.001132822,0.101822681080993,0.00474853460073122,0.019029496,0.0092,3.66516279598855e-05,0.0002,22.04195158,7.87635794651164,17.67659252,44.6757364725738
Fiber,0.00139375,0.0650769201262723,0.00497507501300498,0.021762786,0.0094,3.91387822360767e-05,0.0002,31.01418897,10.1528665283292,16.62827972,52.3341736255027
Fiber,0.000849713,0.0530229679737175,0.00178707095294011,0.007996801,0.0034,4.8305849387414e-06,0.0002,6.94783527,2.22340317622717,75.08115532,94.0192872446861
Fiber,0.001122332,0.143028233943849,0.00622221568916916,0.015686275,0.0124,6.52525944127388e-05,0.0002,18.00123761,10.2251707845835,25.77349278,30.1264077991911
Fiber,0.001254411,0.0965182890396402,0.00752144831040527,0.024783147,0.0144,9.16391992268271e-05,0.0002,31.78759208,13.8148283179892,11.54033973,33.8718039627341
Fiber,0.000643719,0.0290840491762431,0.00113156336392277,0.010559662,0.002,1.68026956586176e-06,0.0002,6.950359757,1.06654545467419,32.62027119,145.417642242478
Fiber,0.000943625,0.0200220957343447,0.0014711215548258,0.013333333,0.0028,3.22264634316984e-06,0.0002,12.86469571,2.03260111913191,29.99256812,140.451645687674
Fiber,0.00116318,0.119379934430812,0.0096025701766646,0.018796992,0.0188,0.000153750039810885,0.0002,22.3561133,16.3545492554487,18.60208157,24.9225125313563
Fiber,0.001431618,0.0439150290920783,0.00385077225750092,0.017761989,0.0074,2.373767597948e-05,0.0002,26.00038411,8.0719627248693,25.6410198,68.3542477697051
Fiber,0.0014051,0.0436389604120962,0.00400481720337523,0.020639835,0.0076,2.53287238536435e-05,0.0002,29.65340679,8.23937168745026,18.63744115,66.4854558752266
Fiber,0.001228451,0.0385709927742405,0.00286219713447888,0.018198362,0.0054,1.26596266076911e-05,0.0002,22.85868108,5.14827271031936,20.9596779,80.6278722228238
Fiber,0.001204416,0.0840716054670816,0.00518161052724701,0.020408163,0.0102,4.44736154249699e-05,0.0002,25.13284292,9.13787990050281,16.34030666,42.7272529859683
Fiber,0.001078273,0.045175818450955,0.00323150346095948,0.017777778,0.0064,1.71614227684073e-05,0.0002,19.6005093,5.10196551912712,19.27814676,67.9622375237547
Film,0.00130241,0.048169199186071,0.0022864560658114,0.01532567,0.0076,1.43839133221495e-05,0.0002,12.89341394,2.31317095865884,14.68958325,71.3435427365541
Film,0.000945978,0.0223643536534301,0.00104458743727903,0.008028904,0.0036,3.02278111172684e-06,0.0002,4.906118905,0.767578820936406,38.87489834,147.644336542548
Film,0.001036934,0.0185341882204163,0.000877763406018954,0.009560229,0.0028,1.91792664892646e-06,0.0002,6.40353938,0.707010289185622,30.05488976,170.650078706427
Film,0.001172154,0.0275033743897306,0.00138874675037251,0.010012931,0.0048,5.45099634822927e-06,0.0002,7.581350708,1.26445936673289,30.9715526,114.997111977211
Film,0.001073998,0.0251990279684804,0.00139478440100134,0.009225092,0.0048,5.46480101298748e-06,0.0002,6.399926463,1.16361069031177,33.43203644,116.090910354951
Film,0.000938224,0.0213265269533733,0.000891480985760327,0.008853475,0.003,2.11894873163528e-06,0.0002,5.365632754,0.649704344697299,31.70878865,160.314925094521
Film,0.001010671,0.0183347474356736,0.000939689921616804,0.009157509,0.003,2.21202626575253e-06,0.0002,5.978440055,0.737719938783204,31.92682966,159.871519861028
Film,0.000897379,0.0343755488451446,0.0008500065605798,0.008949774,0.0028,1.86368638716913e-06,0.0002,5.187864059,0.592509513867714,29.67921557,162.074880141596
Film,0.000823015,0.0209671757639281,0.000555759428926414,0.007160412,0.0018,7.48276065579123e-07,0.0002,3.806680427,0.355297161960735,42.52383995,264.991846620297
Film,0.000756879,0.0257800383351599,0.000752808927217246,0.00697107,0.0026,1.53717180720946e-06,0.0002,3.408210381,0.442596896665657,41.25988886,187.380983099435
Film,0.001130627,0.0143233734957769,0.000756288401563151,0.008420738,0.0024,1.39715078916473e-06,0.0002,6.149927761,0.664207753282448,42.23957696,207.824579612818
Film,0.001356902,0.0116751017316804,0.000767735800905492,0.008932711,0.0024,1.41729913943969e-06,0.0002,7.829468183,0.809202887599551,45.0487134,212.624927306255
Film,0.001447857,0.0124159703336139,0.000826212350213061,0.009277492,0.0026,1.66702280818306e-06,0.0002,8.676746242,0.92921133933386,44.56204274,200.703816791306
Film,0.001788325,0.0211708167511635,0.00191033544777304,0.015710919,0.0062,9.73513934620116e-06,0.0002,18.14883272,2.65370859170629,19.19304682,106.603760129611
Film,0.001224851,0.0125814610362707,0.000839582881163156,0.009066183,0.0026,1.68726995553734e-06,0.0002,7.173124009,0.798810903513323,39.4761579,190.30317463582
Film,0.001874491,0.0434160081290088,0.00355818070139161,0.019880716,0.0116,3.45146296007069e-05,0.0002,24.07221712,5.18093934266202,12.56377205,61.5596814805507
Film,0.001748718,0.0298420743446279,0.00169508940520286,0.013218771,0.0056,7.7842665231069e-06,0.0002,14.93177733,2.30255248304428,26.51174434,106.369633305387
Film,0.001980079,0.0134642315771924,0.00169177816200919,0.014164306,0.0054,7.45147230229611e-06,0.0002,18.11667235,2.60209459582203,26.14523406,131.020127007557
Film,0.001965935,0.0256010102927596,0.00237836608833541,0.015452251,0.0078,1.53920086779942e-05,0.0002,19.62282512,3.63199303277032,21.81153854,91.7813823355523
Film,0.001470483,0.0155493260357608,0.00136764501042743,0.012091898,0.0044,4.85694823422789e-06,0.0002,11.48564124,1.56217808746929,26.64230381,133.933371129569
Film,0.000967263,0.00567731939183674,0.000315676797517477,0.00664697,0.0006,1.06547294359158e-07,0.0002,4.153065273,0.252912459949068,80.83183539,552.76335169487
Film,0.000625814,0.00928665958310461,0.000273760880182452,0.005163956,0.0006,1.035161823834e-07,0.0002,2.087508381,0.141905638233538,86.64941067,622.861929247632
Film,0.000697517,0.00794968205678084,0.000324353022115455,0.005817336,0.0006,1.06264961266675e-07,0.0002,2.621075736,0.187394022597674,76.10130104,509.990601577548
Film,0.00074577,0.00999245482903146,0.000439526681068361,0.006118079,0.0006,1.10603340132494e-07,0.0002,2.947274458,0.271502067464085,73.56313628,385.451864962455
Film,0.000722449,0.010860256667736,0.000555844189030101,0.005899705,0.0012,4.46223981987889e-07,0.0002,2.753203044,0.332616088750103,76.63589437,317.653462846379
Film,0.000788476,0.00695688471649791,0.000515590596326516,0.006830836,0.0008,2.17156811190523e-07,0.0002,3.479068185,0.336725847565433,62.39160874,329.784154148755
Film,0.000836086,0.00633914708132321,0.000191770594717312,0.005132153,0.0006,1.009893736051e-07,0.0002,2.771733257,0.132805467438865,117.2026806,804.565462822712
Film,0.000656389,0.00922300864777753,0.000332605939348856,0.004539265,0.0006,1.05962902176736e-07,0.0002,1.924629778,0.180831582471184,117.618483,541.25637246866
Film,0.000641466,0.0112522013393101,0.00041104774606214,0.005502063,0.0006,1.09221976187876e-07,0.0002,2.279814636,0.218398123034079,78.23618725,411.115190685291
Film,0.000808196,0.00741861673206967,0.000344845457799504,0.006805036,0.0006,1.07414957027955e-07,0.0002,3.552611345,0.230846978713557,64.43789593,483.397667737277
Film,0.001112342,0.0106031251826439,0.000729574303791586,0.008503401,0.0016,8.30540560092599e-07,0.0002,6.109864469,0.672188152126825,56.79870361,239.574115606493
Film,0.001091642,0.0138611083160537,0.000873251060001307,0.00856898,0.002,1.29503414734434e-06,0.0002,6.042409009,0.789591285019863,54.8918122,195.579351863606
Film,0.001096891,0.0611262058652282,0.000593707907976953,0.007538636,0.0014,5.85777733693427e-07,0.0002,5.341419703,0.539410374554621,71.2628765,246.901411260916
Film,0.001142018,0.00463712585471378,0.00028890883497915,0.006928904,0.0006,1.06650822758405e-07,0.0002,5.111380241,0.273285607582982,87.82727907,552.176502648718
Film,0.001132298,0.00564446175617915,0.000526726107933185,0.008421053,0.0008,2.205583726855e-07,0.0002,6.159250987,0.494001848325279,58.95404901,339.095986037062
Film,0.000960498,0.0065147011520963,0.000372963253287978,0.007412898,0.0006,1.09002723686208e-07,0.0002,4.599231619,0.296719096338293,64.53658963,449.995052105462
Film,0.001453873,0.00769063045859797,0.000749844707399341,0.00911577,0.0016,8.49967048583509e-07,0.0002,8.560921582,0.902985528165538,64.59892385,257.104147190799
Film,0.001312777,0.038718372041844,0.000395924699163901,0.006785004,0.0006,1.09328300993681e-07,0.0002,5.753628419,0.430513270399521,105.2873854,356.991917115372
Film,0.001096891,0.00634608923266282,0.000434955294040866,0.006874283,0.0006,1.11723028358628e-07,0.0002,4.870700115,0.395176474695376,85.70259537,385.947396242873
Film,0.001080991,0.00492837454896964,0.000383341789838684,0.00669344,0.0006,1.09656364376178e-07,0.0002,4.673823219,0.343234735945316,89.08589669,462.957266714567
