Shape,ESD,CSF,Wt_Calc,Wt_Meas,Time,Distance,timestep,Re_Meas,Re_Calc,Cd_Meas,Cd_Calc
Fragment,0.001700925,0.179853784100379,0.0393430751820004,0.040572985,0.0744,0.00249088754664274,0.0002,70.56401359,93.7422081911076,5.000583972,27.0759741618304
Fragment,0.002086938,0.314547798915943,0.0625679969659968,0.056497175,0.1164,0.00619773945022057,0.0002,120.5583645,182.912552882972,3.164211244,13.6546886040851
Fragment,0.000996582,0.0977562885497524,0.0213557345812804,0.01843318,0.0426,0.000775053072155214,0.0002,18.78341076,29.8132461475049,14.19456233,43.8944553941867
Fragment,0.001368883,0.217466712599566,0.0379650135215133,0.033613445,0.0742,0.00240333460069892,0.0002,47.04791549,72.800037216755,5.863401305,21.3210672418598
Fragment,0.00194646,0.110425679175415,0.0389618793574154,0.039215686,0.0716,0.00236890796255846,0.0002,78.04884112,106.234870532544,6.125412255,33.5766351796541
Fragment,0.001837442,0.614153320087042,0.0733710483768776,0.056497175,0.1416,0.00886893748510862,0.0002,106.1454753,188.851342376522,2.785926202,8.00032837403056
Fragment,0.001903832,0.607812939702285,0.0721569237537715,0.05988024,0.138,0.00849516644005363,0.0002,116.5663892,192.436896559986,2.569632877,8.81918332186794
Fragment,0.002284278,0.737568823367241,0.111306688858465,0.089686099,0.2132,0.0202608282060293,0.0002,209.476473,356.165568751293,1.374384276,4.43766171283265
Fragment,0.001596692,0.133253919503848,0.0377525951781596,0.040733198,0.0718,0.0023075666280973,0.0002,66.50141243,84.4402815739082,4.657294292,27.2681110570926
Fragment,0.00168307,0.111830014655198,0.0351235537076715,0.032906643,0.0664,0.00198362096351663,0.0002,56.63006065,82.8099155093209,7.522195588,33.5444799720021
Fragment,0.001939073,0.0792132220091512,0.0346442315555421,0.03868472,0.0634,0.00186352681485951,0.0002,76.69989409,94.1037227000885,6.270825697,42.4911755525584
Fragment,0.002212588,0.148827730530593,0.041940628364137,0.037160643,0.077,0.0027427872808319,0.0002,84.07075934,129.992171280573,7.754318723,32.9935865821144
Fragment,0.001817967,0.101895842990547,0.0347965794489265,0.037174721,0.0646,0.00190905713631013,0.0002,69.10268019,88.6143920418265,6.366489908,38.4047569189084
Fragment,0.002582853,0.358169503538659,0.0709867530440641,0.06779661,0.128,0.00771699530031801,0.0002,179.0477572,256.83766548299,2.719526337,13.8014273596099
Fragment,0.001762887,0.112834350130696,0.0349291832577538,0.035735849,0.0654,0.00194188495205485,0.0002,64.4153994,86.2570534022753,6.680757556,36.5208114938657
Fragment,0.001474584,0.0657038766404651,0.0257041499774685,0.025247956,0.0492,0.00107539256883561,0.0002,38.06772521,53.0951040468448,11.1950633,53.1969331591755
Fragment,0.002184712,0.14238330576472,0.0432576290312366,0.037735849,0.0796,0.00292517261292628,0.0002,84.29647367,132.384950811293,7.424981092,30.5012098180207
Fragment,0.002633403,0.592065410276255,0.0958687735610236,0.084388186,0.1758,0.0143394847107542,0.0002,227.2271198,353.652074422935,1.789631179,7.54925254916736
Fragment,0.002795438,0.62987610365005,0.098079210785129,0.101010101,0.1784,0.0148783880169003,0.0002,288.7193467,384.068367473518,1.325958076,7.74546648760802
Fragment,0.002720295,0.832775408553888,0.120388178273798,0.104712042,0.2238,0.02295290575598,0.0002,291.2552583,458.75578977682,1.200693646,4.83089691152821
Fragment,0.001862402,0.331932435701896,0.0365662734945528,0.035273369,0.1122,0.00348363420132176,0.0002,42.43468715,53.0108324171216,4.014904573,14.3383908298815
Fragment,0.001823016,0.288073635876191,0.0358766329562842,0.035971223,0.1102,0.0033569957495094,0.0002,42.35905822,50.9111197563145,3.778989772,14.4607648189257
Fragment,0.001589028,0.244162329384844,0.0295062687257681,0.027020681,0.0918,0.00230068729939554,0.0002,27.7350146,36.4969300049819,5.837603088,17.1050195428415
Fragment,0.001887135,0.281534172714555,0.037544902191233,0.035898305,0.115,0.00366566720283705,0.0002,43.76003465,55.152402816691,3.927813493,13.880734001135
Fragment,0.001762689,0.227494364831381,0.0309142393560998,0.029895366,0.095,0.00249287209754688,0.0002,34.03926738,42.417468972084,5.290096612,18.7198300305507
Fragment,0.002326884,0.357770418917705,0.050972755836555,0.045045045,0.1546,0.00668938263064396,0.0002,67.70525074,92.3258551695594,3.075929004,9.82055964763499
Fragment,0.001572976,0.151910544045107,0.0240137878553937,0.023557126,0.0746,0.00152067642527365,0.0002,23.93563716,29.4031092324413,7.602792007,25.788375641321
Fragment,0.001931166,0.203758372039665,0.0331585784762506,0.028409091,0.1012,0.00284734725067809,0.0002,35.43868486,49.8455051776835,6.41801341,18.5051336151649
Fragment,0.002105099,0.254068514462169,0.0373851799372133,0.033167496,0.1136,0.00360389009230549,0.0002,45.1009592,61.2607756871764,5.132663125,16.3655908725919
Fragment,0.001903886,0.198345794339446,0.0316965669268395,0.030769231,0.0966,0.00259766060746557,0.0002,37.84061887,46.9746613402366,5.393905662,20.1482614648914
Fragment,0.003009733,0.194618364326994,0.0464843922511713,0.040241449,0.1342,0.00527543353070487,0.0002,78.23520109,108.904448156023,4.985129165,18.4955424444324
Fragment,0.00252976,0.146375397879432,0.0352642498678168,0.035735849,0.1026,0.00305968050272288,0.0002,58.39612919,69.4423585329674,5.31332986,26.2934950126793
Fragment,0.003482348,0.155076239361521,0.0469768164081985,0.046082949,0.1316,0.00521601722783333,0.0002,103.6604469,127.340409466488,4.398324944,22.5078093331881
Fragment,0.002552543,0.15210265891292,0.0353456696292473,0.033900369,0.1024,0.00306007122443116,0.0002,55.89565457,70.2295316402374,5.957441725,26.8343855193327
Fragment,0.00305554,0.139544326572798,0.041932063273625,0.04,0.1202,0.00425889918643509,0.0002,78.94936371,99.7343352228681,5.122284464,23.4707089048919
Fragment,0.002679545,0.262446090574843,0.0502017661634416,0.0456621,0.1482,0.00630309405139313,0.0002,79.03464949,104.710574588493,3.447028777,13.1304737099728
Fragment,0.002894656,0.107976997051811,0.0373967933197705,0.038910506,0.1068,0.00337304945969569,0.0002,72.75526401,84.2639503352162,5.128127612,28.2045115995439
Fragment,0.002893857,0.156845720807416,0.0405937686058798,0.03649635,0.1178,0.00404415594792073,0.0002,68.22243129,91.4422555090378,5.827387715,22.886949107017
Fragment,0.002787807,0.184092479996992,0.0424604863217674,0.043103448,0.1226,0.00440123692928315,0.0002,77.62031085,92.1421113848311,4.024707892,20.4707312172622
Fragment,0.002904201,0.246427092654357,0.0482197088680175,0.04784689,0.139,0.00566772883006739,0.0002,89.75962839,109.008846959872,3.402631649,16.6539767054143
Fragment,0.001740289,0.254488461543747,0.034395952872793,0.03327787,0.1056,0.00308505465680247,0.0002,37.4091264,46.6439331176412,4.241101031,14.7798697636033
Fragment,0.001925098,0.257537815659095,0.0401907826366537,0.040968577,0.1224,0.00417703886321161,0.0002,50.94532483,60.2900646724945,3.095418183,12.5231644551311
Fragment,0.001806142,0.187543972882726,0.0318330087287783,0.027390244,0.0974,0.00263215868505445,0.0002,31.95570988,44.8018578503653,6.497232288,18.1542834276875
Fragment,0.001619626,0.214639328769005,0.0295084123535835,0.026075619,0.0906,0.00227003098606988,0.0002,27.28035675,37.2414881838558,6.428561056,18.682652211383
Fragment,0.00167143,0.202405190566132,0.0289039468158711,0.027777778,0.089,0.00218458454981607,0.0002,29.99067677,37.6453887216748,5.846034733,19.7495499584706
Fragment,0.001826392,0.253169666550495,0.0348901805311482,0.033167496,0.1066,0.00315804465556175,0.0002,39.12977386,49.655076623397,4.480607591,15.4994751359038
Fragment,0.001937634,0.248310434563996,0.0375202274984658,0.03649635,0.1138,0.00362394487426756,0.0002,45.67954529,56.6504877103766,3.925916726,14.7653854029883
Fragment,0.001899524,0.234553828848177,0.0372747473128749,0.035523979,0.114,0.00360870076790814,0.0002,43.58801544,55.1729158547412,4.062280579,14.0284529613097
Fragment,0.002021166,0.195021366732895,0.0353714543272969,0.037243948,0.1068,0.00320480704189511,0.0002,48.62484634,55.708484510721,3.932409484,17.7187771919639
Fragment,0.002182857,0.265850343081488,0.0411142047679539,0.034843206,0.1242,0.0043339768616506,0.0002,49.1296891,69.9332358808953,4.85240821,14.2336698931105
Fragment,0.002329768,0.130855256526302,0.0321179341713723,0.034482759,0.0936,0.00254315840458511,0.0002,51.89377308,58.307809077201,5.287822458,28.769541470361
Fragment,0.002117852,0.134588424310743,0.031835242029048,0.029368576,0.0946,0.00255146144035795,0.0002,40.1771498,52.5375972564376,6.626711992,24.7206504995977
Fragment,0.002273014,0.16659260114386,0.0358499416505722,0.034467532,0.106,0.00321940810924439,0.0002,50.60726401,63.4975556542927,5.163568008,21.4549061886882
Fragment,0.002436774,0.199939784530085,0.0384829597731463,0.03968254,0.1132,0.0036894157761124,0.0002,62.46191836,73.0718600611537,4.176231488,20.3157291939943
Fragment,0.002423198,0.134230751103771,0.0348354823918153,0.034013605,0.1012,0.00298205559157344,0.0002,53.24051475,65.7774713913497,5.65264693,25.6974316063826
Fragment,0.00226653,0.118843000909657,0.0314599726912573,0.027855153,0.093,0.00247779411034301,0.0002,40.78192505,55.5630729553814,7.88349308,27.717845969825
Fragment,0.002482053,0.122707246316342,0.0339733510519983,0.031397174,0.0992,0.00285215494332122,0.0002,50.33872398,65.7076418458121,6.795135721,27.3302951103006
Fragment,0.002614716,0.151271901409957,0.0390724688599137,0.044345898,0.1126,0.00372003049817997,0.0002,74.89943331,79.6089364199549,3.588275612,22.60124453344
Fragment,0.00251205,0.163366798250134,0.0388390061943807,0.044345898,0.1128,0.00370655602323322,0.0002,71.95855078,76.0261208598496,3.447384064,21.4477265571235
Fragment,0.002440144,0.143672938321042,0.0352531299823158,0.040194093,0.1034,0.00308588348050748,0.0002,63.35463015,67.0315994014818,4.07623571,24.4744231905634
Fragment,0.001413932,0.0945662100959202,0.00899828066532864,0.00773589,0.0818,0.000609437099275745,0.0002,11.18407026,13.7116530209455,16.68819577,35.4211353236449
Fragment,0.001553735,0.0879068192107053,0.0101491410970138,0.013368984,0.0914,0.000767722968617132,0.0002,21.23912323,16.9944844912645,6.140188967,33.0287026988814
Fragment,0.001254669,0.0443114415037606,0.00636711012365845,0.007533333,0.058,0.000305593725120414,0.0002,9.664456105,8.60940791318447,15.61551181,60.1385262175421
Fragment,0.001543662,0.0793352663891255,0.00958586857824026,0.008774576,0.086,0.000682104290895746,0.0002,13.84967451,15.9472366856131,14.16124594,37.8712064580701
Fragment,0.001756348,0.0722279299163795,0.0103192256048393,0.010498688,0.0918,0.000783416360754842,0.0002,18.85414369,19.5325720043448,11.25491253,39.5599591905722
Fragment,0.001273567,0.0489875807777533,0.00626649577652887,0.005050505,0.0574,0.000297787133038066,0.0002,6.576848346,8.60098726673249,35.26580137,60.8244068454598
Fragment,0.001340718,0.0683668199216447,0.00752654545168876,0.008067769,0.0684,0.00042612005265828,0.0002,11.05992249,10.8751407085907,14.54896286,47.5787943455153
Fragment,0.001460707,0.113655451426952,0.0100294117459548,0.009458571,0.0902,0.000748525774695649,0.0002,14.12699412,15.7884802332629,11.53223488,31.8590069004768
Fragment,0.001401742,0.082059449697783,0.00908015342053068,0.012746973,0.082,0.000616242911048358,0.0002,18.26990611,13.7171228695967,6.093341488,36.2830297574653
Fragment,0.001333964,0.0403310903939104,0.00647512766479888,0.007447366,0.0586,0.000313954363651804,0.0002,10.1579917,9.30881074545915,16.98791773,65.9490263580904
Fragment,0.001861531,0.107220069443889,0.0107501835406929,0.008333333,0.0956,0.000849841025235939,0.0002,15.86171543,21.5669091126696,18.93364591,38.5640796711452
Fragment,0.001665586,0.0456315373804487,0.00858894515925806,0.011255167,0.0756,0.000536377817842268,0.0002,19.16814518,15.4173115131672,9.286767251,57.2803892450498
Fragment,0.002097134,0.0898614867757904,0.0122178703556096,0.009708738,0.1072,0.00108202428812743,0.0002,20.81853206,27.6136267302449,15.71455677,36.6633486047173
Fragment,0.001676401,0.0558038712491293,0.00887713799839702,0.011342228,0.0782,0.000573526596319545,0.0002,19.44184885,16.0380897143189,9.204130848,53.8818867597217
Fragment,0.001678548,0.0704714414095899,0.00915538003404938,0.007246084,0.0812,0.000614560183912145,0.0002,12.4365035,16.5619663262217,22.58023595,48.7151555846978
Fragment,0.001949671,0.0512871107064204,0.010200888794096,0.009470987,0.0892,0.000751566351745524,0.0002,18.88068462,21.4338951095111,15.35226269,50.2494910725904
Fragment,0.001758304,0.105668657626454,0.0118314699300957,0.016420361,0.1044,0.00102085973385897,0.0002,29.52146189,22.4199388883242,4.606065359,31.6345311906236
Fragment,0.001528301,0.0483983615783228,0.00802627528841982,0.008992806,0.0714,0.000473792494337256,0.0002,14.05288058,13.2197945145644,13.34811919,56.409236671238
Fragment,0.001854533,0.0726679034915195,0.0104018387834352,0.010557071,0.092,0.000790905738875852,0.0002,20.01884723,20.7896146849966,11.75300968,42.2563302467293
Fragment,0.002125587,0.0753086317329911,0.0115359050824411,0.015029496,0.1002,0.000954280938737766,0.0002,32.66513317,26.4260538341514,6.646477893,44.4980377051714
Fiber,0.001013252,0.160892412530852,0.030504593558681,0.023337223,0.0562,0.00146785136058523,0.0002,24.1784231,45.2571160525252,10.51261591,23.8284361523228
Fiber,0.001115229,0.105991518073727,0.0286986626721191,0.020833333,0.0526,0.0012912673736869,0.0002,23.75657386,46.8629773112186,14.51903878,29.9154717845657
Fiber,0.000953507,0.0264258750482728,0.0158029796652629,0.019379845,0.0296,0.000399269569868084,0.0002,18.89449762,22.0631252349429,14.34547059,73.3743195290435
Fiber,0.001606718,0.0610131429322852,0.0304527127437375,0.022075055,0.0538,0.00139817898030392,0.0002,36.26623957,71.6423475406172,18.63062729,45.2942168741304
Fiber,0.001139708,0.0804426690196195,0.0227943428843347,0.01552795,0.0424,0.000826808711458639,0.0002,18.09543624,38.0386273559384,26.70896168,45.0427319094506
Fiber,0.00127934,0.0906309833697501,0.0314136190480935,0.024479804,0.0562,0.00150857944296779,0.0002,32.02248924,58.8448032011848,12.06317468,32.5887297398731
Fiber,0.001166456,0.0384028262485808,0.0206703679417676,0.015686275,0.0372,0.000655624574329813,0.0002,18.70894923,35.3037412900692,26.78676757,65.3830535149975
Fiber,0.001132822,0.101822681080993,0.0261433475641604,0.019029496,0.047,0.00104928406556994,0.0002,22.04195158,43.3637702258043,17.67659252,40.4933399525862
Fiber,0.00139375,0.0650769201262723,0.0272854502601635,0.021762786,0.0484,0.00112696731703116,0.0002,31.01418897,55.6826849711119,16.62827972,48.4977993877442
Fiber,0.000849713,0.0530229679737175,0.0154962901269437,0.007996801,0.029,0.000383381049359469,0.0002,6.94783527,19.2798728171926,75.08115532,67.0026082940594
Fiber,0.001122332,0.143028233943849,0.0294082899081112,0.015686275,0.055,0.0013858733417939,0.0002,18.00123761,48.3276057621096,25.77349278,25.7780938968357
Fiber,0.001254411,0.0965182890396402,0.0309744273877871,0.024783147,0.0558,0.00147725532034991,0.0002,31.78759208,56.8914893715788,11.54033973,31.6113101384673
Fiber,0.000643719,0.0290840491762431,0.01097088691879,0.010559662,0.021,0.000196204470309013,0.0002,6.950359757,10.3405164483379,32.62027119,86.0183695206029
Fiber,0.000943625,0.0200220957343447,0.0134088483467546,0.013333333,0.0252,0.000287896235198775,0.0002,12.86469571,18.5265725095781,29.99256812,94.2829745447484
Fiber,0.00116318,0.119379934430812,0.0332704028676652,0.018796992,0.0612,0.00174362801840317,0.0002,22.3561133,56.6642505534751,18.60208157,23.0845714376773
Fiber,0.001431618,0.0439150290920783,0.0243623912332395,0.017761989,0.0432,0.000897467530115262,0.0002,26.00038411,51.0682794964914,25.6410198,62.2330193083928
Fiber,0.0014051,0.0436389604120962,0.0244480327427735,0.020639835,0.0432,0.000900184132051898,0.0002,29.65340679,50.2985326333736,18.63744115,60.8829984578455
Fiber,0.001228451,0.0385709927742405,0.020592023009262,0.018198362,0.037,0.00064953790257832,0.0002,22.85868108,37.0391503896722,20.9596779,69.9036735775188
Fiber,0.001204416,0.0840716054670816,0.0262953779865918,0.020408163,0.0486,0.00109359399509283,0.0002,25.13284292,46.3724559606111,16.34030666,37.1777996761069
Fiber,0.001078273,0.045175818450955,0.0199215241162906,0.017777778,0.0368,0.000626008358357272,0.0002,19.6005093,31.4525205860667,19.27814676,56.1220851112665
Film,0.00130241,0.048169199186071,0.0145403935725956,0.01532567,0.0454,0.000558853343700581,0.0002,12.89341394,14.7102831506459,14.68958325,57.2132725679288
Film,0.000945978,0.0223643536534301,0.00871335456059956,0.008028904,0.0284,0.000209487921492442,0.0002,4.906118905,6.4027061606709,38.87489834,85.5202101229773
Film,0.001036934,0.0185341882204163,0.00889257307204198,0.009560229,0.0284,0.000213525024766855,0.0002,6.40353938,7.16268258184018,30.05488976,103.701390390211
Film,0.001172154,0.0275033743897306,0.0109600472068863,0.010012931,0.035,0.000324816446145906,0.0002,7.581350708,9.97916599759079,30.9715526,78.2433931531371
Film,0.001073998,0.0251990279684804,0.0102111518490721,0.009225092,0.033,0.000285447313007493,0.0002,6.399926463,8.51873984498753,33.43203644,76.0481168157656
Film,0.000938224,0.0213265269533733,0.00863576834098502,0.008853475,0.0276,0.000201392867059126,0.0002,5.365632754,6.29368018001203,31.70878865,96.1199729656897
Film,0.001010671,0.0183347474356736,0.00895338829563812,0.009157509,0.0286,0.000216538883538211,0.0002,5.978440055,7.0290134153997,31.92682966,100.335990072086
Film,0.000897379,0.0343755488451446,0.00848807329730519,0.008949774,0.0278,0.000199796249332502,0.0002,5.187864059,5.91673572452111,29.67921557,82.8421698738045
Film,0.000823015,0.0209671757639281,0.00681077807017418,0.007160412,0.0224,0.000128888087616728,0.0002,3.806680427,4.35413236938118,42.52383995,109.213759590969
Film,0.000756879,0.0257800383351599,0.00720881974875263,0.00697107,0.0238,0.000145088533768531,0.0002,3.408210381,4.23826170767403,41.25988886,88.6353516890853
Film,0.001130627,0.0143233734957769,0.00864638144245726,0.008420738,0.0276,0.0002017414226522,0.0002,6.149927761,7.59365551560431,42.23957696,120.879561455128
Film,0.001356902,0.0116751017316804,0.00953838509023268,0.008932711,0.0298,0.000240133396734184,0.0002,7.829468183,10.0535740927404,45.0487134,139.303384102616
Film,0.001447857,0.0124159703336139,0.0101328594814833,0.009277492,0.0314,0.00026869200325871,0.0002,8.676746242,11.3960629221324,44.56204274,137.107690221673
Film,0.001788325,0.0211708167511635,0.014967597447184,0.015710919,0.045,0.000568820699044935,0.0002,18.14883272,20.791972419868,19.19304682,91.9901337362684
Film,0.001224851,0.0125814610362707,0.00938319112743566,0.009066183,0.0294,0.000233070446847617,0.0002,7.173124009,8.92752288131575,39.4761579,127.287165163032
Film,0.001874491,0.0434160081290088,0.0194484525501586,0.019880716,0.059,0.000970906497861456,0.0002,24.07221712,28.3181944445948,12.56377205,55.2992975314511
Film,0.001748718,0.0298420743446279,0.0147625658951912,0.013218771,0.045,0.000561586548449126,0.0002,14.93177733,20.0529734029041,26.51174434,86.6404514673838
Film,0.001980079,0.0134642315771924,0.014403805093692,0.014164306,0.043,0.000522682733356772,0.0002,18.11667235,22.1542423440777,26.14523406,113.287870247747
Film,0.001965935,0.0256010102927596,0.016842964796541,0.015452251,0.0504,0.000716917961968305,0.0002,19.62282512,25.7208219929873,21.81153854,81.1161027094889
Film,0.001470483,0.0155493260357608,0.0119305834940733,0.012091898,0.0368,0.000371097381667529,0.0002,11.48564124,13.6275831543006,26.64230381,104.764970767888
Film,0.000967263,0.00567731939183674,0.00699516564102515,0.00664697,0.0176,0.000104027452877268,0.0002,4.153065273,5.60435408600128,80.83183539,211.837768661742
Film,0.000625814,0.00928665958310461,0.00553062648542284,0.005163956,0.0144,6.72122705631476e-05,0.0002,2.087508381,2.86683429978082,86.64941067,166.125440723145
Film,0.000697517,0.00794968205678084,0.00606253789004603,0.005817336,0.0156,7.99047915745377e-05,0.0002,2.621075736,3.50261377235495,76.10130104,174.416040044415
Film,0.00074577,0.00999245482903146,0.00671679171036337,0.006118079,0.0172,9.76754110714779e-05,0.0002,2.947274458,4.14906060232018,73.56313628,154.405606742111
Film,0.000722449,0.010860256667736,0.00687778840584442,0.005899705,0.0178,0.000103633987080561,0.0002,2.753203044,4.11565529324782,76.63589437,134.22213563386
Film,0.000788476,0.00695688471649791,0.0071141755483968,0.006830836,0.0178,0.000106896158136261,0.0002,3.479068185,4.64618014434488,62.39160874,165.267521728296
Film,0.000836086,0.00633914708132321,0.00629657931745692,0.005132153,0.0158,8.3837389846348e-05,0.0002,2.771733257,4.36052336779484,117.2026806,213.894396441067
Film,0.000656389,0.00922300864777753,0.00573252589898559,0.004539265,0.015,7.2662557273099e-05,0.0002,1.924629778,3.11666632261592,117.618483,160.975585543441
Film,0.000641466,0.0112522013393101,0.00609697579474409,0.005502063,0.0158,8.13859086775226e-05,0.0002,2.279814636,3.23944865897652,78.23618725,145.163231321461
Film,0.000808196,0.00741861673206967,0.00662997083493135,0.006805036,0.0168,9.40788901988004e-05,0.0002,3.552611345,4.43824531130334,64.43789593,184.403938949131
Film,0.001112342,0.0106031251826439,0.00974237362332511,0.008503401,0.024,0.000198004591718444,0.0002,6.109864469,8.97606739869879,56.79870361,148.054269801097
Film,0.001091642,0.0138611083160537,0.0104551443672653,0.00856898,0.0258,0.000228713266441822,0.0002,6.042409009,9.45351371918728,54.8918122,128.791348209669
Film,0.001096891,0.0611262058652282,0.0105845263906859,0.007538636,0.027,0.000242740151650049,0.0002,5.341419703,9.61651894504454,71.2628765,96.5088046866787
Film,0.001142018,0.00463712585471378,0.00769111187704844,0.006928904,0.0188,0.000122030313848514,0.0002,5.111380241,7.27520216700732,87.82727907,249.9020495602
Film,0.001132298,0.00564446175617915,0.00861529839368273,0.008421053,0.021,0.000152851231362701,0.0002,6.159250987,8.08005007963825,58.95404901,201.515038133928
Film,0.000960498,0.0065147011520963,0.00736562201825038,0.007412898,0.0184,0.000114536562378244,0.0002,4.599231619,5.85988214645148,64.53658963,200.8405953337
Film,0.001453873,0.00769063045859797,0.0109507381267388,0.00911577,0.0264,0.000244783522421635,0.0002,8.560921582,13.1872079026485,64.59892385,178.912767350051
Film,0.001312777,0.038718372041844,0.0104547189111755,0.006785004,0.026,0.000230484637632167,0.0002,5.753628419,11.3680587219305,105.2873854,142.42099476228
Film,0.001096891,0.00634608923266282,0.00824004415696563,0.006874283,0.0202,0.00014065135184334,0.0002,4.870700115,7.48645124199354,85.70259537,208.62869642657
Film,0.001080991,0.00492837454896964,0.00764796044531474,0.00669344,0.019,0.000122844910981442,0.0002,4.673823219,6.84779419711191,89.08589669,222.141513101363
