Shape,ESD,CSF,ASF,Wt,Wt_Meas,Time,Distance,Timestep,Re_Meas,Re_Calc,Cd_Meas,Cd_Calc
Fragment,0.001700925,0.179853784100379,0.38005067553059,0.0583515448287179,0.040572985,0.153,0.0077676810087793,0.00015,70.56401359,139.0334293469,5.000583972,0.819226779302463
Fragment,0.002086938,0.314547798915943,0.677836506729556,0.103235310695528,0.056497175,0.27075,0.0243174399743115,0.00015,120.5583645,301.800203660795,3.164211244,0.482595416398306
Fragment,0.000996582,0.0977562885497524,0.113799478989855,0.0247178021982199,0.01843318,0.06465,0.00139026193863571,0.00015,18.78341076,34.5067934027809,14.19456233,2.05451655793484
Fragment,0.001368883,0.217466712599566,0.399603286397269,0.0470439854974672,0.033613445,0.1233,0.00504674256739934,0.00015,47.04791549,90.2094738646516,5.863401305,1.18316318578585
Fragment,0.00194646,0.110425679175415,0.20495582163348,0.078279667030493,0.039215686,0.2052,0.0139744075389754,0.00015,78.04884112,213.440173561143,6.125412255,0.509890149298294
Fragment,0.001837442,0.614153320087042,0.97172104215836,0.0898569297778196,0.056497175,0.23565,0.0184223301190587,0.00015,106.1454753,231.284712237013,2.785926202,0.644879645911979
Fragment,0.001903832,0.607812939702285,0.668743160607692,0.0956950084092268,0.05988024,0.25095,0.0208927503615139,0.00015,116.5663892,255.211135349861,2.569632877,0.55295720708696
Fragment,0.002284278,0.737568823367241,1.24672640158654,0.153335797272046,0.089686099,0.4023,0.0536687674337894,0.00015,209.476473,490.652736196077,1.374384276,0.363256293113454
Fragment,0.001596692,0.133253919503848,0.34718855301351,0.0589303304633794,0.040733198,0.1545,0.00792148747892741,0.00015,66.50141243,131.807990261023,4.657294292,0.841346763387124
Fragment,0.00168307,0.111830014655198,0.426390576937012,0.0548308410706437,0.032906643,0.1437,0.00685495936237206,0.00015,56.63006065,129.273289205166,7.522195588,0.889669882597523
Fragment,0.001939073,0.0792132220091512,0.154396946050221,0.0736707067859335,0.03868472,0.1932,0.0123834182801381,0.00015,76.69989409,200.110882857611,6.270825697,0.509129854484231
Fragment,0.002212588,0.148827730530593,0.601203580140928,0.0735889584026641,0.037160643,0.1929,0.0123496652408585,0.00015,84.07075934,228.084052579857,7.754318723,0.594450932906829
Fragment,0.001817967,0.101895842990547,0.233199850883662,0.0625812335111235,0.037174721,0.1641,0.00893506258197865,0.00015,69.10268019,159.37192817919,6.366489908,0.665711800832543
Fragment,0.002582853,0.358169503538659,0.48087120790721,0.145627613915266,0.06779661,0.38205,0.0484049158313498,0.00015,179.0477572,526.896283939596,2.719526337,0.284778326392421
Fragment,0.001762887,0.112834350130696,0.253783096223188,0.0594427671664422,0.035735849,0.15585,0.00806022319626308,0.00015,64.4153994,146.792952586906,6.680757556,0.724332759524243
Fragment,0.001474584,0.0657038766404651,0.17792371019224,0.0401264274321668,0.025247956,0.10515,0.00367106692114372,0.00015,38.06772521,82.8861036605613,11.1950633,1.08501240944125
Fragment,0.002184712,0.14238330576472,0.732015895849877,0.0758678467574324,0.037735849,0.1989,0.0131283164064898,0.00015,84.29647367,232.184735642556,7.424981092,0.608508077501629
Fragment,0.002633403,0.592065410276255,0.6857435651442,0.175387542455337,0.084388186,0.4602,0.0702222813559231,0.00015,227.2271198,646.990317215112,1.789631179,0.257379851567972
Fragment,0.002795438,0.62987610365005,0.804509194951312,0.181216528689675,0.101010101,0.4755,0.0749682893917593,0.00015,288.7193467,709.62577875488,1.325958076,0.245925499436762
Fragment,0.002720295,0.832775408553888,0.883655758488253,0.197662246264607,0.104712042,0.5187,0.0892015826062361,0.00015,291.2552583,753.219304373474,1.200693646,0.238381566176522
Fragment,0.001862402,0.331932435701896,0.528604101842099,0.0343072776167136,0.035273369,0.1347,0.00398620837195498,0.00015,42.43468715,49.7359224942129,4.014904573,2.04405322327474
Fragment,0.001823016,0.288073635876191,0.527320905990165,0.0346072804334783,0.035971223,0.13575,0.00405179966380567,0.00015,42.35905822,49.1098314810102,3.778989772,2.06461668019307
Fragment,0.001589028,0.244162329384844,0.627002647195353,0.0255185660028414,0.027020681,0.10005,0.00220215657903737,0.00015,27.7350146,31.5644558750954,5.837603088,3.07761265248264
Fragment,0.001887135,0.281534172714555,0.600178292624113,0.0370586509541378,0.035898305,0.1455,0.00465096838931698,0.00015,43.76003465,54.4381134582639,3.927813493,1.94406966405528
Fragment,0.001762689,0.227494364831381,0.549742166692077,0.0291417916357232,0.029895366,0.1143,0.00287297534156608,0.00015,34.03926738,39.9854910955564,5.290096612,2.46712000856955
Fragment,0.002326884,0.357770418917705,1.86745740930037,0.0494364042154199,0.045045045,0.1941,0.00827599007656498,0.00015,67.70525074,89.5430945568652,3.075929004,1.6045281775153
Fragment,0.001572976,0.151910544045107,0.64008821341269,0.0211825272878794,0.023557126,0.0831,0.0015186124992382,0.00015,23.93563716,25.9364398242901,7.602792007,3.63504135250126
Fragment,0.001931166,0.203758372039665,0.920725816439229,0.0322252349818682,0.028409091,0.12645,0.00351473836089651,0.00015,35.43868486,48.4424601703374,6.41801341,2.32604102228475
Fragment,0.002105099,0.254068514462169,1.1923330306551,0.0359518529007582,0.033167496,0.14115,0.00437719824804134,0.00015,45.1009592,58.912071569285,5.132663125,2.0799357762074
Fragment,0.001903886,0.198345794339446,0.644708645143605,0.031561327371112,0.030769231,0.1239,0.00337317650403883,0.00015,37.84061887,46.7742348289122,5.393905662,2.23483571759924
Fragment,0.003009733,0.194618364326994,0.866717949262061,0.0657363951429993,0.040241449,0.25815,0.0146354655926799,0.00015,78.23520109,154.00837765356,4.985129165,0.88301294460331
Fragment,0.00252976,0.146375397879432,0.253977956731869,0.0508834395221874,0.035735849,0.1998,0.00876843420237968,0.00015,58.39612919,100.199665778657,5.31332986,0.993576269242495
Fragment,0.003482348,0.155076239361521,0.428404621008824,0.0859794325768425,0.046082949,0.3378,0.0250490040809081,0.00015,103.6604469,233.06509438389,4.398324944,0.546842693203578
Fragment,0.002552543,0.15210265891292,0.167198485667929,0.0536730590087912,0.033900369,0.21075,0.00975587345574862,0.00015,55.89565457,106.644854530275,5.957441725,0.870266896364579
Fragment,0.00305554,0.139544326572798,0.744622794534725,0.0638817700448294,0.04,0.25095,0.013826684066441,0.00015,78.94936371,151.94114886993,5.122284464,0.867074026360386
Fragment,0.002679545,0.262446090574843,1.09546599731975,0.0613553007103831,0.0456621,0.2409,0.0127471108756541,0.00015,79.03464949,127.974557120513,3.447028777,1.0769420416706
Fragment,0.002894656,0.107976997051811,0.320301273475051,0.063109159188935,0.038910506,0.2478,0.0134870633444493,0.00015,72.75526401,142.20008143806,5.128127612,0.777913813007624
Fragment,0.002893857,0.156845720807416,1.0370649430594,0.0545007427840022,0.03649635,0.21405,0.0100617586892592,0.00015,68.22243129,122.769356436772,5.827387715,1.10282159102755
Fragment,0.002787807,0.184092479996992,0.364279456753012,0.0633633706657905,0.043103448,0.24885,0.0135991991581553,0.00015,77.62031085,137.502776425161,4.024707892,0.820007915132967
Fragment,0.002904201,0.246427092654357,0.345461442197988,0.0724397681171645,0.04784689,0.28455,0.0177775948093553,0.00015,89.75962839,163.76240715402,3.402631649,0.702367014737451
Fragment,0.001740289,0.254488461543747,0.519252897180899,0.0333539153105708,0.03327787,0.13035,0.00375059681453548,0.00015,37.4091264,45.2308386603334,4.241101031,2.20346242931619
Fragment,0.001925098,0.257537815659095,0.646572488889249,0.0420199720264973,0.040968577,0.16425,0.0059535596841969,0.00015,50.94532483,63.0340258341597,3.095418183,1.74701416556941
Fragment,0.001806142,0.187543972882726,0.979990196421694,0.0302249703546844,0.027390244,0.11805,0.00307789238118467,0.00015,31.95570988,42.5387005325037,6.497232288,2.6215413368559
Fragment,0.001619626,0.214639328769005,0.252579855078174,0.0298626870083462,0.026075619,0.1167,0.00300650290266136,0.00015,27.28035675,37.6886052707085,6.428561056,2.22871825333494
Fragment,0.00167143,0.202405190566132,0.624708102871303,0.0264156390097971,0.027777778,0.1032,0.00235186259462146,0.00015,29.99067677,34.4045401546757,5.846034733,2.86384985563471
Fragment,0.001826392,0.253169666550495,0.60116186396745,0.0339159366924646,0.033167496,0.13245,0.00387476846937175,0.00015,39.12977386,48.2685503365376,4.480607591,2.14816020997484
Fragment,0.001937634,0.248310434563996,0.566248849676105,0.039081001912187,0.03649635,0.1527,0.00514759600088701,0.00015,45.67954529,59.0070467623386,3.925916726,1.79830274699513
Fragment,0.001899524,0.234553828848177,1.23189772423967,0.0353112129420922,0.035523979,0.138,0.0042036230952251,0.00015,43.58801544,52.2665536544087,4.062280579,2.31098973795018
Fragment,0.002021166,0.195021366732895,0.861398256623794,0.0368487451627123,0.037243948,0.144,0.00457725794279842,0.00015,48.62484634,58.0351525877827,3.932409484,1.9774394182865
Fragment,0.002182857,0.265850343081488,1.53470679922147,0.0400092317635621,0.034843206,0.1563,0.00539390648011361,0.00015,49.1296891,68.0537312621319,4.85240821,1.93840926392325
Fragment,0.002329768,0.130855256526302,0.175838658898535,0.046014132497372,0.034482759,0.17985,0.00713837006650915,0.00015,51.89377308,83.5353618384718,5.287822458,1.07557366637096
Fragment,0.002117852,0.134588424310743,0.36725411613889,0.039551058054245,0.029368576,0.1545,0.00527069963624177,0.00015,40.1771498,65.2709835604177,6.626711992,1.52127920619904
Fragment,0.002273014,0.16659260114386,0.421801629304695,0.0450743313878059,0.034467532,0.17625,0.00685309774431536,0.00015,50.60726401,79.8358305230756,5.163568008,1.3227630225228
Fragment,0.002436774,0.199939784530085,0.566326013330937,0.0470062453502053,0.03968254,0.18375,0.00745050150667282,0.00015,62.46191836,89.2559668611382,4.176231488,1.27697042677479
Fragment,0.002423198,0.134230751103771,0.223719400965235,0.0512795956232753,0.034013605,0.2004,0.00886369580450977,0.00015,53.24051475,96.8277716418956,5.65264693,0.997319350318877
Fragment,0.00226653,0.118843000909657,0.504863020727526,0.0394914965083635,0.027855153,0.15435,0.00525809533512776,0.00015,40.78192505,69.7479595149545,7.88349308,1.53154638049871
Fragment,0.002482053,0.122707246316342,0.444130855632315,0.0465099549822715,0.031397174,0.1818,0.00729356998576452,0.00015,50.33872398,89.9546076441637,6.795135721,1.21044181055889
Fragment,0.002614716,0.151271901409957,0.257421661191139,0.0602498787874493,0.044345898,0.23565,0.0122470967023826,0.00015,74.89943331,122.757248509088,3.588275612,0.842134681052012
Fragment,0.00251205,0.163366798250134,0.301980533731879,0.0560266686119061,0.044345898,0.219,0.0105831683564558,0.00015,71.95855078,109.670424056313,3.447384064,0.953470431724311
Fragment,0.002440144,0.143672938321042,0.559483113592912,0.0453554892243007,0.040194093,0.1773,0.0069366109239883,0.00015,63.35463015,86.240597242476,4.07623571,1.31070993692835
Fragment,0.001413932,0.0945662100959202,0.396986441699474,0.00718073896843907,0.00773589,0.0789,0.000475770992179361,0.00015,11.18407026,10.9420682496152,16.68819577,6.76745518269361
Fragment,0.001553735,0.0879068192107053,0.416211796290678,0.00888964690568906,0.013368984,0.0978,0.000729860845202604,0.00015,21.23912323,14.8854927749503,6.140188967,5.29445941364329
Fragment,0.001254669,0.0443114415037606,0.159131058673469,0.00549908052324357,0.007533333,0.06045,0.000279413380755601,0.00015,9.664456105,7.43568533487979,15.61551181,7.8048625711152
Fragment,0.001543662,0.0793352663891255,0.22706731349105,0.00888203558610098,0.008774576,0.09765,0.00072802881451527,0.00015,13.84967451,14.7763264836657,14.16124594,4.7371654660696
Fragment,0.001756348,0.0722279299163795,0.360878638941399,0.00990811070066562,0.010498688,0.10905,0.000906911294921118,0.00015,18.85414369,18.7544000973301,11.25491253,4.25418363759727
Fragment,0.001273567,0.0489875807777533,0.262414389484607,0.00499422775570334,0.005050505,0.05475,0.000229804666078658,0.00015,6.576848346,6.85475437402435,35.26580137,9.19706548800421
Fragment,0.001340718,0.0683668199216447,0.213948497854077,0.00624553211716511,0.008067769,0.06855,0.000359605353874511,0.00015,11.05992249,9.02419855299661,14.54896286,7.04186454419487
Fragment,0.001460707,0.113655451426952,0.160562941670286,0.00894757507379792,0.009458571,0.0984,0.000739061786502293,0.00015,14.12699412,14.0854334996539,11.53223488,4.608766437674
Fragment,0.001401742,0.082059449697783,0.182336238935889,0.00820266532509868,0.012746973,0.09015,0.000620782036410611,0.00015,18.26990611,12.391527203511,6.093341488,5.25184866267179
Fragment,0.001333964,0.0403310903939104,0.108706655855935,0.00599790584005277,0.007447366,0.06585,0.000331805883833211,0.00015,10.1579917,8.62274432636527,16.98791773,6.41370566558109
Fragment,0.001861531,0.107220069443889,0.500036230008799,0.00922323411312282,0.008333333,0.1014,0.000784960050714042,0.00015,15.86171543,18.5035586685222,18.93364591,4.58221829078511
Fragment,0.001665586,0.0456315373804487,0.0664253122001048,0.0098673602117988,0.011255167,0.1086,0.000899459597653132,0.00015,19.16814518,17.7120895962357,9.286767251,3.2141012022709
Fragment,0.002097134,0.0898614867757904,0.574667358398437,0.0119511716330961,0.009708738,0.13155,0.00131918805578646,0.00015,20.81853206,27.0108605558975,15.71455677,3.44239475909653
Fragment,0.001676401,0.0558038712491293,0.068737239590067,0.0098350701216419,0.011342228,0.10815,0.000892664811513786,0.00015,19.44184885,17.7687602677792,9.204130848,3.22692159543278
Fragment,0.001678548,0.0704714414095899,0.129254305822421,0.00908040790597888,0.007246084,0.0999,0.000761496462862626,0.00015,12.4365035,16.4263426977222,22.58023595,3.89142042287572
Fragment,0.001949671,0.0512871107064204,0.163872858547694,0.0117985178110809,0.009470987,0.1299,0.00128608595521516,0.00015,18.88068462,24.7907999307641,15.35226269,2.89855378932519
Fragment,0.001758304,0.105668657626454,0.149531322124276,0.0122744685240077,0.016420361,0.13515,0.00139196757454395,0.00015,29.52146189,23.2593951403202,4.606065359,3.00186146583539
Fragment,0.001528301,0.0483983615783228,0.0720660377535037,0.00853234557177538,0.008992806,0.0939,0.000672694734604889,0.00015,14.05288058,14.0533250023038,13.34811919,3.95410665094211
Fragment,0.001854533,0.0726679034915195,0.372462868476434,0.0100520895014124,0.010557071,0.11055,0.000932588408355279,0.00015,20.01884723,20.0905889683909,11.75300968,4.04338595568669
Fragment,0.002125587,0.0753086317329911,0.18988125,0.0129626109375025,0.015029496,0.14265,0.00155129319015885,0.00015,32.66513317,29.6943024424673,6.646477893,2.56874515433413
Fiber,0.001013252,0.160892412530852,1.64055308641975,0.0278679847421834,0.023337223,0.06615,0.00160689712658542,0.00015,24.1784231,41.3453999051259,10.51261591,2.96552279826522
Fiber,0.001115229,0.105991518073727,3.91349480968858,0.0265929867145152,0.020833333,0.06315,0.00146395824534355,0.00015,23.75657386,43.4245507283021,14.51903878,3.36954657374083
Fiber,0.000953507,0.0264258750482728,2.97407847800238,0.0150705378658789,0.019379845,0.0357,0.000469011232346956,0.00015,18.89449762,21.0405361100174,14.34547059,5.81869381585587
Fiber,0.001606718,0.0610131429322852,4.88917769376182,0.0372410908839102,0.022075055,0.0885,0.00287304542233825,0.00015,36.26623957,87.6125289181496,18.63062729,1.9683412394887
Fiber,0.001139708,0.0804426690196195,7.80844811753903,0.0187241295827801,0.01552795,0.0444,0.000724713088288264,0.00015,18.09543624,31.2463575448432,26.70896168,5.05710949477917
Fiber,0.00127934,0.0906309833697501,1.62589388696655,0.037039843395234,0.024479804,0.08805,0.00284312744429886,0.00015,32.02248924,69.3839920786691,12.06317468,1.92904789879121
Fiber,0.001166456,0.0384028262485808,0.759355029585799,0.0251880367142374,0.015686275,0.0597,0.0013105330343438,0.00015,18.70894923,43.0196469781932,26.78676757,2.47212778812234
Fiber,0.001132822,0.101822681080993,0.511728415176977,0.0293715953794079,0.019029496,0.06975,0.00178584019252001,0.00015,22.04195158,48.7184401336572,17.67659252,2.06628723209812
Fiber,0.00139375,0.0650769201262723,1.27999643397859,0.0341630710800028,0.021762786,0.08115,0.00241661582533223,0.00015,31.01418897,69.7181650460364,16.62827972,1.83444578138824
Fiber,0.000849713,0.0530229679737175,0.899173760614416,0.0133558704979444,0.007996801,0.0315,0.000366553953159152,0.00015,6.94783527,16.6168471585043,75.08115532,5.6111724402773
Fiber,0.001122332,0.143028233943849,19.2168739859383,0.0213686532793099,0.015686275,0.0507,0.00094442544049256,0.00015,18.00123761,35.1158076371135,25.77349278,5.46608013759179
Fiber,0.001254411,0.0965182890396402,2.72538789770141,0.033208226497735,0.024783147,0.0789,0.00228404056870611,0.00015,31.78759208,60.994362904342,11.54033973,2.37180031488023
Fiber,0.000643719,0.0290840491762431,0.498164799538107,0.00928289764486441,0.010559662,0.0219,0.000177205229613734,0.00015,6.950359757,8.74951646986299,32.62027119,8.50858575379187
Fiber,0.000943625,0.0200220957343447,3.90082908163265,0.0121032511214055,0.013333333,0.0285,0.00030049836223639,0.00015,12.86469571,16.7226710082543,29.99256812,7.41577571877265
Fiber,0.00116318,0.119379934430812,8.49802882269953,0.0298470572317328,0.018796992,0.0708,0.0018417568215805,0.00015,22.3561133,50.8338037260896,18.60208157,3.43688751477805
Fiber,0.001431618,0.0439150290920783,1.36143641110342,0.0315522994841602,0.017761989,0.07485,0.00205832965674765,0.00015,26.00038411,66.1397164747787,25.6410198,1.93920075626439
Fiber,0.0014051,0.0436389604120962,1.14031364836189,0.032315901357837,0.020639835,0.07665,0.00215877374640084,0.00015,29.65340679,66.4856119969205,18.63744115,1.86572088952735
Fiber,0.001228451,0.0385709927742405,0.896413229128927,0.0247953717438389,0.018198362,0.0588,0.00127076011133834,0.00015,22.85868108,44.5997706284026,20.9596779,2.47777624592574
Fiber,0.001204416,0.0840716054670816,10.9320987654321,0.0226177907850917,0.020408163,0.05355,0.00105546665000288,0.00015,25.13284292,39.8869530471399,16.34030666,4.41036976179158
Fiber,0.001078273,0.045175818450955,4.2990234375,0.0186150310241244,0.017777778,0.0441,0.000715527718932514,0.00015,19.6005093,29.3898018584715,19.27814676,4.73947970416209
Film,0.00130241,0.048169199186071,0.0725785982280815,0.0159534166130961,0.01532567,0.063,0.000866785997820701,0.00015,12.89341394,16.1398159153797,14.68958325,3.53107884440486
Film,0.000945978,0.0223643536534301,0.149171370372359,0.00781396458491843,0.008028904,0.03075,0.000207313728101648,0.00015,4.906118905,5.741820654625,38.87489834,9.54581740654421
Film,0.001036934,0.0185341882204163,0.0398587813596627,0.00945621282114953,0.009560229,0.0372,0.00030339043083928,0.00015,6.40353938,7.61667633377888,30.05488976,5.85229511194438
Film,0.001172154,0.0275033743897306,0.161826499508406,0.0106646889025589,0.010012931,0.042,0.000386308626776997,0.00015,7.581350708,9.71024110228576,30.9715526,6.27893500415637
Film,0.001073998,0.0251990279684804,0.239643460991951,0.00938736670645399,0.009225092,0.03705,0.000300123540814784,0.00015,6.399926463,7.83149011823243,33.43203644,8.09386187274595
Film,0.000938224,0.0213265269533733,0.026191623045009,0.00902884778767927,0.008853475,0.03555,0.000276889337601477,0.00015,5.365632754,6.58015339526591,31.70878865,6.08946239153409
Film,0.001010671,0.0183347474356736,0.0317894180573449,0.00979310763332537,0.009157509,0.03855,0.000325616236956923,0.00015,5.978440055,7.68824970616235,31.92682966,5.55835396538709
Film,0.000897379,0.0343755488451446,0.100664183975122,0.00693260067458109,0.008949774,0.0273,0.000163351565088722,0.00015,5.187864059,4.83247076673521,29.67921557,10.2021746620322
Film,0.000823015,0.0209671757639281,0.0843771167332394,0.0056364488071327,0.007160412,0.02205,0.000107214206038811,0.00015,3.806680427,3.60338333544743,42.52383995,12.5689760089228
Film,0.000756879,0.0257800383351599,0.0658191072474213,0.00601256491908591,0.00697107,0.02355,0.000122151143579141,0.00015,3.408210381,3.5349508726273,41.25988886,12.1703968467584
Film,0.001130627,0.0143233734957769,0.06144,0.00928523848807689,0.008420738,0.0366,0.000293199517684242,0.00015,6.149927761,8.15472957420766,42.23957696,6.0142903289439
Film,0.001356902,0.0116751017316804,0.0316495402920497,0.0123120621506845,0.008932711,0.0486,0.000516152712249259,0.00015,7.829468183,12.9770635065974,45.0487134,3.60155156123728
Film,0.001447857,0.0124159703336139,0.0326105397337784,0.0134584454862486,0.009277492,0.0531,0.000616343660293099,0.00015,8.676746242,15.1362299926936,44.56204274,3.18938403067386
Film,0.001788325,0.0211708167511635,0.0336994487228044,0.0237438094513039,0.015710919,0.0939,0.00192263504836439,0.00015,18.14883272,32.9832916068298,19.19304682,1.68504894106261
Film,0.001224851,0.0125814610362707,0.0204761613877106,0.0121907503709302,0.009066183,0.04815,0.000506388464935428,0.00015,7.173124009,11.5987409186059,39.4761579,3.63262017941637
Film,0.001874491,0.0434160081290088,0.1736008382643,0.0257246454940913,0.019880716,0.10185,0.0022596835318272,0.00015,24.07221712,37.4567339607698,12.56377205,2.08326879053722
Film,0.001748718,0.0298420743446279,0.071640464977854,0.0192853486994842,0.013218771,0.0762,0.00126726252924106,0.00015,14.93177733,26.196569572127,26.51174434,2.35936113148689
Film,0.001980079,0.0134642315771924,0.0423265603056227,0.0249109879514119,0.014164306,0.09855,0.00211708859256701,0.00015,18.11667235,38.3151577320128,26.14523406,1.55574755657776
Film,0.001965935,0.0256010102927596,0.0748485331632653,0.0258099589898552,0.015452251,0.10215,0.0022737198144788,0.00015,19.62282512,39.4142817991701,21.81153854,1.69709836632587
Film,0.001470483,0.0155493260357608,0.0384140914971881,0.0166528049713433,0.012091898,0.06585,0.000945876292645716,0.00015,11.48564124,19.0214908275078,26.64230381,2.72513312639172
Film,0.000967263,0.00567731939183674,0.0316539795504707,0.0081619445023057,0.00664697,0.02535,0.000179341168372178,0.00015,4.153065273,6.5391485160756,80.83183539,6.34967650420049
Film,0.000625814,0.00928665958310461,0.0298537573823664,0.00510632138892839,0.005163956,0.01575,6.97090706067828e-05,0.00015,2.087508381,2.64689313987638,86.64941067,13.267202042097
Film,0.000697517,0.00794968205678084,0.0168716347397146,0.00633911380218819,0.005817336,0.01965,0.000107990484100043,0.00015,2.621075736,3.66240470752771,76.10130104,9.08077900705369
Film,0.00074577,0.00999245482903146,0.0312211387591143,0.00672971886387737,0.006118079,0.02085,0.000121620715981736,0.00015,2.947274458,4.15704589435512,73.56313628,9.21200070181267
Film,0.000722449,0.010860256667736,0.0723611430777569,0.00645641068218619,0.005899705,0.01995,0.000111609670852176,0.00015,2.753203044,3.863503677569,76.63589437,11.5170157863071
Film,0.000788476,0.00695688471649791,0.0116270359826801,0.00874428553233264,0.006830836,0.02715,0.000205746268875083,0.00015,3.479068185,5.71078483239869,62.39160874,5.85072567627139
Film,0.000836086,0.00633914708132321,0.0150690513750629,0.00709550149745452,0.005132153,0.02205,0.000135658943867767,0.00015,2.771733257,4.91379501884364,117.2026806,6.96654563820199
Film,0.000656389,0.00922300864777753,0.0561348962388252,0.00516228128498866,0.004539265,0.0159,7.11267455194018e-05,0.00015,1.924629778,2.80663507017765,117.618483,14.2829076124616
Film,0.000641466,0.0112522013393101,0.0317375263601767,0.00565458084043727,0.005502063,0.01755,8.60736374240046e-05,0.00015,2.279814636,3.00439511936716,78.23618725,12.0894212031774
Film,0.000808196,0.00741861673206967,0.0190127719515233,0.00732682091999634,0.006805036,0.0228,0.000144867063491849,0.00015,3.552611345,4.9047317710063,64.43789593,7.2983814546177
Film,0.001112342,0.0106031251826439,0.0276508400292184,0.012381471735936,0.008503401,0.0387,0.000415484285392306,0.00015,6.109864469,11.4075818782768,56.79870361,3.90344297460471
Film,0.001091642,0.0138611083160537,0.0218550776170357,0.0133231657208962,0.00856898,0.04155,0.000479808753926103,0.00015,6.042409009,12.0467709962806,54.8918122,3.56518778854043
Film,0.001096891,0.0611262058652282,0.457466918714556,0.00709127346772028,0.007538636,0.02205,0.000135590453938652,0.00015,5.341419703,6.44274133104646,71.2628765,10.7807957454694
Film,0.001142018,0.00463712585471378,0.00793519422836902,0.0113046142744524,0.006928904,0.03525,0.000345443083104227,0.00015,5.111380241,10.6932983918887,87.82727907,3.23384807884739
Film,0.001132298,0.00564446175617915,0.0105503071666646,0.0128442242129992,0.008421053,0.04005,0.000445868304694164,0.00015,6.159250987,12.046242641025,58.95404901,3.09645631463961
Film,0.000960498,0.0065147011520963,0.0158545010096716,0.0090983654333208,0.007412898,0.02835,0.0002236456950712,0.00015,4.599231619,7.23840417448849,64.53658963,5.10641836921013
Film,0.001453873,0.00769063045859797,0.0237339932320627,0.0170098220721619,0.00911577,0.0531,0.000782800246289056,0.00015,8.560921582,20.4837388545479,64.59892385,2.33502911814882
Film,0.001312777,0.038718372041844,0.0995470708063892,0.00887965701963212,0.006785004,0.0276,0.000212423804995809,0.00015,5.753628419,9.65539707833524,105.2873854,5.74205497605579
Film,0.001096891,0.00634608923266282,0.00858110187750077,0.0117091603480743,0.006874283,0.03645,0.000369875728770278,0.00015,4.870700115,10.6382995479993,85.70259537,3.29725032761274
Film,0.001080991,0.00492837454896964,0.0190309809756616,0.0102408864953286,0.00669344,0.03195,0.000283700633473044,0.00015,4.673823219,9.16943590613806,89.08589669,4.35017774251483
