Shape,ESD,CSF,rho_f,rho_p,Wt,Time,Distance,Timestep,Re_Calc,Cd_Calc
Fragment,0.001273567,0.0489875807777533,1019.8,1054,0.00413395928558586,0.0502,0.000169443809766883,0.0002,5.85356258253256,32.591582601517
Fragment,0.001273567,0.0489875807777533,1023.6,1054,0.00385262872774218,0.0518,0.000162394134318619,0.0002,5.39263417590538,33.2178934618865
Fragment,0.001273567,0.0489875807777533,1027.4,1054,0.00355703053769031,0.0538,0.000155197779625972,0.0002,4.92241547750262,33.9547857174031
Fragment,0.001273567,0.0489875807777533,1035,1054,0.00290745398967233,0.059,0.000137844068495729,0.0002,3.93030279743135,35.9780724807994
Fragment,0.001273567,0.0489875807777533,1042.6,1054,0.0021342136694568,0.0672,0.000113469445559223,0.0002,2.8197239781388,39.6207426636165
Fragment,0.001273567,0.0489875807777533,1050.3,1054,0.00104705174069975,0.0842,6.72069567052441e-05,0.0002,1.35014316391656,52.0017856657349
Fragment,0.002097134,0.0898614867757904,1019.8,1054,0.00793151743905567,0.096,0.000620100787896369,0.0002,18.4933137734816,14.5778175562889
Fragment,0.002097134,0.0898614867757904,1023.6,1054,0.00739653639961497,0.0992,0.000595551567179802,0.0002,17.048123541217,14.8392746404299
Fragment,0.002097134,0.0898614867757904,1027.4,1054,0.00683495284033219,0.103,0.000569247306720213,0.0002,15.5750905539273,15.1421496648575
Fragment,0.002097134,0.0898614867757904,1035,1054,0.00560325332632608,0.1128,0.000505597053098873,0.0002,12.4726231687403,15.9492892193895
Fragment,0.002097134,0.0898614867757904,1042.6,1054,0.00414134682719315,0.129,0.000419837801921115,0.0002,9.00979038966754,17.3254607884423
Fragment,0.002097134,0.0898614867757904,1050.3,1054,0.00208780159065313,0.1656,0.000259106319416339,0.0002,4.43307712283137,21.5302680358134
Fragment,0.001939073,0.0792132220091512,1019.8,1370,0.0351649000853055,0.0692,0.00207696580992748,0.0002,98.5407303536557,7.04072867250776
Fragment,0.001939073,0.0792132220091512,1023.6,1370,0.0348402965627483,0.0692,0.00205718550468656,0.0002,96.5112548240257,7.06832213411759
Fragment,0.001939073,0.0792132220091512,1027.4,1370,0.0345169245244288,0.0692,0.00203746409022144,0.0002,94.5311812907733,7.09599068520187
Fragment,0.001939073,0.0792132220091512,1035,1370,0.0338703362029257,0.0694,0.0020047858609224,0.0002,90.6118475043922,7.15308091083318
Fragment,0.001939073,0.0792132220091512,1042.6,1370,0.0332284315893288,0.0696,0.00197207262177525,0.0002,86.8822103368936,7.21052241955291
Fragment,0.001939073,0.0792132220091512,1050.3,1370,0.0325766838191742,0.0696,0.00193199386885366,0.0002,83.1325054677402,7.27166230152375
Fiber,0.001204416,0.0840716054670816,1019.8,1432,0.0084201988412538,0.0138,9.85829166466575e-05,0.0002,15.3191103388875,89.7854861543532
Fiber,0.001204416,0.0840716054670816,1023.6,1432,0.00836215196141697,0.0138,9.78626940650642e-05,0.0002,15.0390008041743,89.8615332149112
Fiber,0.001204416,0.0840716054670816,1027.4,1432,0.00830416628028347,0.0138,9.71429015241367e-05,0.0002,14.7653530845317,89.9384103746239
Fiber,0.001204416,0.0840716054670816,1035,1432,0.00818833778602266,0.014,9.7340008812105e-05,0.0002,14.2221755704117,90.0990889822122
Fiber,0.001204416,0.0840716054670816,1042.6,1432,0.008072548206502,0.014,9.58775865273031e-05,0.0002,13.7036567992294,90.2633600777197
Fiber,0.001204416,0.0840716054670816,1050.3,1432,0.00795507962197963,0.014,9.43933732623563e-05,0.0002,13.1799370363845,90.4412156357115
Fiber,0.000643719,0.0290840491762431,1019.8,1432,0.00701076276695438,0.0118,7.0313827741532e-05,0.0002,6.81704687229552,69.2227760779856
Fiber,0.000643719,0.0290840491762431,1023.6,1432,0.00695771644068355,0.0118,6.97602228675941e-05,0.0002,6.68786447747226,69.3754818996593
Fiber,0.000643719,0.0290840491762431,1027.4,1432,0.00690478143833596,0.0118,6.92074911478842e-05,0.0002,6.56171778543545,69.529286925558
Fiber,0.000643719,0.0290840491762431,1035,1432,0.00679879659416452,0.0118,6.81007259676925e-05,0.0002,6.31134826601426,69.8492488880469
Fiber,0.000643719,0.0290840491762431,1042.6,1432,0.00669322637992651,0.0118,6.69971639774978e-05,0.0002,6.072690563612,70.174080727281
Fiber,0.000643719,0.0290840491762431,1050.3,1432,0.00658594811030921,0.0118,6.58758753465739e-05,0.0002,5.83185773494719,70.523689502567
Fiber,0.001115229,0.105991518073727,1019.8,1432,0.0150337340889543,0.0258,0.000330612786900436,0.0002,25.3259414847087,26.0789110836264
Fiber,0.001115229,0.105991518073727,1023.6,1432,0.0149165869919814,0.0258,0.000327949358686836,0.0002,24.8403625494223,26.1483542142527
Fiber,0.001115229,0.105991518073727,1027.4,1432,0.014799991380799,0.026,0.000328252413282494,0.0002,24.3667047107913,26.2179638212181
Fiber,0.001115229,0.105991518073727,1035,1432,0.0145663777648846,0.026,0.00032288973517495,0.0002,23.426607021917,26.3619606206476
Fiber,0.001115229,0.105991518073727,1042.6,1432,0.0143341544351923,0.026,0.000317551843754802,0.0002,22.5312581438765,26.5069296160731
Fiber,0.001115229,0.105991518073727,1050.3,1432,0.0140984339782591,0.026,0.000312133715091692,0.0002,21.6285406682654,26.661626362853
Film,0.001356902,0.0116751017316804,1019.8,1400,0.0111758521845203,0.0198,0.0001882123889167,0.0002,22.3948846553079,52.9611077183146
Film,0.001356902,0.0116751017316804,1023.6,1400,0.0110909073766201,0.0198,0.000186702085138245,0.0002,21.9697436513147,53.0399189718968
Film,0.001356902,0.0116751017316804,1027.4,1400,0.0110060866273075,0.0198,0.000185193180844283,0.0002,21.5544879788388,53.119180300291
Film,0.001356902,0.0116751017316804,1035,1400,0.0108363377075733,0.0198,0.000182172569298011,0.0002,20.7305011392893,53.2835831672873
Film,0.001356902,0.0116751017316804,1042.6,1400,0.010667209923937,0.02,0.000181290010799968,0.0002,19.9449821577697,53.4498791251415
Film,0.001356902,0.0116751017316804,1050.3,1400,0.0104953313620755,0.02,0.000178193087904997,0.0002,19.1523444401616,53.6281380490735
Film,0.000625814,0.00928665958310461,1019.8,1400,0.00636052732116489,0.0112,6.0417587168851e-05,0.0002,5.87838593138658,75.4107304307869
Film,0.000625814,0.00928665958310461,1023.6,1400,0.00630970574241934,0.0112,5.99123648218129e-05,0.0002,5.76452874377579,75.5822902993615
Film,0.000625814,0.00928665958310461,1027.4,1400,0.00625896862257898,0.0112,5.94077341115231e-05,0.0002,5.65333017051433,75.755321773592
Film,0.000625814,0.00928665958310461,1035,1400,0.0061575057655477,0.0114,5.96283305594204e-05,0.0002,5.4328646912635,76.115560910526
Film,0.000625814,0.00928665958310461,1042.6,1400,0.00605618242570646,0.0114,5.85992271587889e-05,0.0002,5.22250122833217,76.4825742074074
Film,0.000625814,0.00928665958310461,1050.3,1400,0.00595315263699594,0.0114,5.75529599245542e-05,0.0002,5.01036769463647,76.8783538011436
Film,0.001096891,0.00634608923266282,1019.8,1400,0.00727912115112346,0.0126,7.77725909981383e-05,0.0002,11.7913116772234,100.921815994082
Film,0.001096891,0.00634608923266282,1023.6,1400,0.00722599823492045,0.0126,7.71679883591102e-05,0.0002,11.5709962480294,101.010281990992
Film,0.001096891,0.00634608923266282,1027.4,1400,0.00717290797328355,0.0126,7.65634968536789e-05,0.0002,11.3557293604249,101.099880588247
Film,0.001096891,0.00634608923266282,1035,1400,0.00706663304920613,0.0126,7.53530039378191e-05,0.0002,10.9283551548514,101.287672279408
Film,0.001096891,0.00634608923266282,1042.6,1400,0.00696062558931262,0.0128,7.55346713004404e-05,0.0002,10.5207348313006,101.480161076901
Film,0.001096891,0.00634608923266282,1050.3,1400,0.00685281994427118,0.0128,7.42836175403784e-05,0.0002,10.1090443132451,101.689290579548
