Shape,ESD,CSF,Wt,Time,Wt_Meas
Fragment,0.001700925,0.179853784100379,0.0548435246428097,0.1628,0.040572985
Fragment,0.002086938,0.314547798915943,0.149446610583706,0.4444,0.056497175
Fragment,0.000996582,0.0977562885497524,0.0126313737590397,0.0372,0.01843318
Fragment,0.001368883,0.217466712599566,0.0451047915716948,0.134,0.033613445
Fragment,0.00194646,0.110425679175415,0.0722938198107919,0.2148,0.039215686
Fragment,0.001837442,0.614153320087042,0.116637119361201,0.3468,0.056497175
Fragment,0.001903832,0.607812939702285,0.113916287523374,0.3388,0.05988024
Fragment,0.002284278,0.737568823367241,0.262034723621908,0.7796,0.089686099
Fragment,0.001596692,0.133253919503848,0.0598577933246009,0.1778,0.040733198
Fragment,0.00168307,0.111830014655198,0.0527096755456406,0.1566,0.032906643
Fragment,0.001939073,0.0792132220091512,0.0594363304276352,0.1766,0.03868472
Fragment,0.002212588,0.148827730530593,0.0763445392925605,0.2268,0.037160643
Fragment,0.001817967,0.101895842990547,0.0521946524924802,0.155,0.037174721
Fragment,0.002582853,0.358169503538659,0.204520650092078,0.6084,0.06779661
Fragment,0.001762887,0.112834350130696,0.049831821670564,0.148,0.035735849
Fragment,0.001474584,0.0657038766404651,0.0251969267019531,0.0746,0.025247956
Fragment,0.002184712,0.14238330576472,0.0877385873242401,0.2608,0.037735849
Fragment,0.002633403,0.592065410276255,0.271788837866298,0.8086,0.084388186
Fragment,0.002795438,0.62987610365005,0.277373473210957,0.8252,0.101010101
Fragment,0.002720295,0.832775408553888,0.302231805222622,0.8992,0.104712042
Fragment,0.001862402,0.331932435701896,0.0376856206828447,0.1674,0.035273369
Fragment,0.001823016,0.288073635876191,0.0404752748824483,0.1798,0.035971223
Fragment,0.001589028,0.244162329384844,0.0278492196693705,0.1236,0.027020681
Fragment,0.001887135,0.281534172714555,0.0466583667751408,0.2072,0.035898305
Fragment,0.001762689,0.227494364831381,0.0314226970583141,0.1394,0.029895366
Fragment,0.002326884,0.357770418917705,0.0851907942566392,0.3786,0.045045045
Fragment,0.001572976,0.151910544045107,0.0206804192180432,0.0916,0.023557126
Fragment,0.001931166,0.203758372039665,0.0410935041498083,0.1824,0.028409091
Fragment,0.002105099,0.254068514462169,0.0483145967955046,0.2146,0.033167496
Fragment,0.001903886,0.198345794339446,0.0361526561316682,0.1604,0.030769231
Fragment,0.003009733,0.194618364326994,0.102979520808153,0.4578,0.040241449
Fragment,0.00252976,0.146375397879432,0.0526701227593704,0.234,0.035735849
Fragment,0.003482348,0.155076239361521,0.12368599283832,0.5498,0.046082949
Fragment,0.002552543,0.15210265891292,0.050484127225453,0.2242,0.033900369
Fragment,0.00305554,0.139544326572798,0.0945400070114276,0.4202,0.04
Fragment,0.002679545,0.262446090574843,0.104362111115787,0.4638,0.0456621
Fragment,0.002894656,0.107976997051811,0.0765441383978472,0.3402,0.038910506
Fragment,0.002893857,0.156845720807416,0.079899689738105,0.355,0.03649635
Fragment,0.002787807,0.184092479996992,0.0804848670151764,0.3576,0.043103448
Fragment,0.002904201,0.246427092654357,0.0950001056823618,0.4222,0.04784689
Fragment,0.001740289,0.254488461543747,0.0400819260808611,0.1772,0.03327787
Fragment,0.001925098,0.257537815659095,0.0606207525742936,0.2682,0.040968577
Fragment,0.001806142,0.187543972882726,0.0398630732683467,0.1762,0.027390244
Fragment,0.001619626,0.214639328769005,0.028435637468383,0.1256,0.026075619
Fragment,0.00167143,0.202405190566132,0.0287688182240777,0.127,0.027777778
Fragment,0.001826392,0.253169666550495,0.0410951831900948,0.1816,0.033167496
Fragment,0.001937634,0.248310434563996,0.0503235514545955,0.2226,0.03649635
Fragment,0.001899524,0.234553828848177,0.0531705608793094,0.2352,0.035523979
Fragment,0.002021166,0.195021366732895,0.0500732677319374,0.2214,0.037243948
Fragment,0.002182857,0.265850343081488,0.0606735741514145,0.2684,0.034843206
Fragment,0.002329768,0.130855256526302,0.0420112067262735,0.1858,0.034482759
Fragment,0.002117852,0.134588424310743,0.0436682875881413,0.193,0.029368576
Fragment,0.002273014,0.16659260114386,0.0537981581310259,0.238,0.034467532
Fragment,0.002436774,0.199939784530085,0.0581367706793424,0.2572,0.03968254
Fragment,0.002423198,0.134230751103771,0.0539060054054374,0.2384,0.034013605
Fragment,0.00226653,0.118843000909657,0.0449774413938956,0.1988,0.027855153
Fragment,0.002482053,0.122707246316342,0.0540388335157923,0.239,0.031397174
Fragment,0.002614716,0.151271901409957,0.0708777435894471,0.3136,0.044345898
Fragment,0.00251205,0.163366798250134,0.0670077728199489,0.2964,0.044345898
Fragment,0.002440144,0.143672938321042,0.0556562401433776,0.2462,0.040194093
Fragment,0.001413932,0.0945662100959202,0.00609841469914425,0.0752,0.00773589
Fragment,0.001553735,0.0879068192107053,0.00856635978276578,0.1058,0.013368984
Fragment,0.001254669,0.0443114415037606,0.00310028936109998,0.0382,0.007533333
Fragment,0.001543662,0.0793352663891255,0.00711681018670105,0.088,0.008774576
Fragment,0.001756348,0.0722279299163795,0.0089280205719634,0.1104,0.010498688
Fragment,0.001273567,0.0489875807777533,0.0029559854126136,0.0364,0.005050505
Fragment,0.001340718,0.0683668199216447,0.00405695087936699,0.05,0.008067769
Fragment,0.001460707,0.113655451426952,0.00676189056673411,0.0836,0.009458571
Fragment,0.001401742,0.082059449697783,0.00628845122910444,0.0776,0.012746973
Fragment,0.001333964,0.0403310903939104,0.00304365100459801,0.0374,0.007447366
Fragment,0.001861531,0.107220069443889,0.00791329139082116,0.0978,0.008333333
Fragment,0.001665586,0.0456315373804487,0.00546014312082913,0.0674,0.011255167
Fragment,0.002097134,0.0898614867757904,0.0122577247263875,0.1516,0.009708738
Fragment,0.001676401,0.0558038712491293,0.00542945080205093,0.067,0.011342228
Fragment,0.001678548,0.0704714414095899,0.00565779702110143,0.0698,0.007246084
Fragment,0.001949671,0.0512871107064204,0.00879002278327239,0.1086,0.009470987
Fragment,0.001758304,0.105668657626454,0.0101455963628259,0.1254,0.016420361
Fragment,0.001528301,0.0483983615783228,0.00461249249455939,0.0568,0.008992806
Fragment,0.001854533,0.0726679034915195,0.0087346191353401,0.108,0.010557071
Fragment,0.002125587,0.0753086317329911,0.0100238626338122,0.124,0.015029496
Fiber,0.001013252,0.160892412530852,0.0294530142653975,0.0792,0.023337223
Fiber,0.001115229,0.105991518073727,0.0322412757943528,0.0868,0.020833333
Fiber,0.000953507,0.0264258750482728,0.0122826482266963,0.0328,0.019379845
Fiber,0.001606718,0.0610131429322852,0.047098123977561,0.127,0.022075055
Fiber,0.001139708,0.0804426690196195,0.0194749866667587,0.0522,0.01552795
Fiber,0.00127934,0.0906309833697501,0.0421121348174933,0.1134,0.024479804
Fiber,0.001166456,0.0384028262485808,0.0175551254118149,0.047,0.015686275
Fiber,0.001132822,0.101822681080993,0.021095408473741,0.0566,0.019029496
Fiber,0.00139375,0.0650769201262723,0.0307828313817018,0.0828,0.021762786
Fiber,0.000849713,0.0530229679737175,0.0073661339864037,0.0196,0.007996801
Fiber,0.001122332,0.143028233943849,0.0289915004402496,0.078,0.015686275
Fiber,0.001254411,0.0965182890396402,0.0401357067809522,0.108,0.024783147
Fiber,0.000643719,0.0290840491762431,0.00405583380853594,0.0106,0.010559662
Fiber,0.000943625,0.0200220957343447,0.00879374797799873,0.0234,0.013333333
Fiber,0.00116318,0.119379934430812,0.0468319320378381,0.1262,0.018796992
Fiber,0.001431618,0.0439150290920783,0.0263345685129889,0.0708,0.017761989
Fiber,0.0014051,0.0436389604120962,0.0266665288447539,0.0718,0.020639835
Fiber,0.001228451,0.0385709927742405,0.0169351445343962,0.0454,0.018198362
Fiber,0.001204416,0.0840716054670816,0.0290895338758665,0.0782,0.020408163
Fiber,0.001078273,0.045175818450955,0.0179897403999602,0.0482,0.017777778
Film,0.00130241,0.048169199186071,0.00761820567114693,0.0338,0.01532567
Film,0.000945978,0.0223643536534301,0.00333081293899172,0.0146,0.008028904
Film,0.001036934,0.0185341882204163,0.00285365700228805,0.0124,0.009560229
Film,0.001172154,0.0275033743897306,0.0050100040032909,0.0222,0.010012931
Film,0.001073998,0.0251990279684804,0.00487038179030856,0.0216,0.009225092
Film,0.000938224,0.0213265269533733,0.00253147115200859,0.011,0.008853475
Film,0.001010671,0.0183347474356736,0.00292329441539176,0.0128,0.009157509
Film,0.000897379,0.0343755488451446,0.00243701738410082,0.0106,0.008949774
Film,0.000823015,0.0209671757639281,0.00167933559818169,0.0072,0.007160412
Film,0.000756879,0.0257800383351599,0.00193171883886614,0.0084,0.00697107
Film,0.001130627,0.0143233734957769,0.00288304679012554,0.0126,0.008420738
Film,0.001356902,0.0116751017316804,0.00332391269403038,0.0146,0.008932711
Film,0.001447857,0.0124159703336139,0.00373045693414874,0.0164,0.009277492
Film,0.001788325,0.0211708167511635,0.00925912770355024,0.0412,0.015710919
Film,0.001224851,0.0125814610362707,0.00316393668643149,0.0138,0.009066183
Film,0.001874491,0.0434160081290088,0.0175825365522763,0.0786,0.019880716
Film,0.001748718,0.0298420743446279,0.0080157525975707,0.0356,0.013218771
Film,0.001980079,0.0134642315771924,0.00981863393394569,0.0438,0.014164306
Film,0.001965935,0.0256010102927596,0.0127924185756295,0.0572,0.015452251
Film,0.001470483,0.0155493260357608,0.00592216463053618,0.0262,0.012091898
Film,0.000967263,0.00567731939183674,0.00154150161184598,0.0052,0.00664697
Film,0.000625814,0.00928665958310461,0.000961907830287433,0.003,0.005163956
Film,0.000697517,0.00794968205678084,0.00108800048230081,0.0034,0.005817336
Film,0.00074577,0.00999245482903146,0.00139396808924908,0.0046,0.006118079
Film,0.000722449,0.010860256667736,0.0017536961468911,0.0058,0.005899705
Film,0.000788476,0.00695688471649791,0.00159691720297635,0.0054,0.006830836
Film,0.000836086,0.00633914708132321,0.00107292226680079,0.0034,0.005132153
Film,0.000656389,0.00922300864777753,0.00114802477928321,0.0038,0.004539265
Film,0.000641466,0.0112522013393101,0.00117054960569096,0.0038,0.005502063
Film,0.000808196,0.00741861673206967,0.00128278882982566,0.0042,0.006805036
Film,0.001112342,0.0106031251826439,0.00290062499859047,0.01,0.008503401
Film,0.001091642,0.0138611083160537,0.00317238636819355,0.011,0.00856898
Film,0.001096891,0.0611262058652282,0.00238902931802399,0.0082,0.007538636
Film,0.001142018,0.00463712585471378,0.00155609546982143,0.0052,0.006928904
Film,0.001132298,0.00564446175617915,0.00222778306051037,0.0076,0.008421053
Film,0.000960498,0.0065147011520963,0.00153656497859574,0.0052,0.007412898
Film,0.001453873,0.00769063045859797,0.00386164889289303,0.0134,0.00911577
Film,0.001312777,0.038718372041844,0.00188051250283439,0.0064,0.006785004
Film,0.001096891,0.00634608923266282,0.00179172630609213,0.006,0.006874283
Film,0.001080991,0.00492837454896964,0.0018122858128632,0.0062,0.00669344
