Shape,ESD,CSF,Wt,Time,Wt_Meas
Fragment,0.001700925,0.179853784100379,0.00719119699206632,0.0122,0.040572985
Fragment,0.002086938,0.314547798915943,0.00819655417690194,0.014,0.056497175
Fragment,0.000996582,0.0977562885497524,0.00495890455794892,0.0084,0.01843318
Fragment,0.001368883,0.217466712599566,0.00586851388605624,0.01,0.033613445
Fragment,0.00194646,0.110425679175415,0.00863506035782576,0.0148,0.039215686
Fragment,0.001837442,0.614153320087042,0.00704648037187025,0.012,0.056497175
Fragment,0.001903832,0.607812939702285,0.00754675138354241,0.0128,0.05988024
Fragment,0.002284278,0.737568823367241,0.00839202672922826,0.0144,0.089686099
Fragment,0.001596692,0.133253919503848,0.00684717652260771,0.0116,0.040733198
Fragment,0.00168307,0.111830014655198,0.00704337240949015,0.012,0.032906643
Fragment,0.001939073,0.0792132220091512,0.00884435509813176,0.0152,0.03868472
Fragment,0.002212588,0.148827730530593,0.00874729973054346,0.015,0.037160643
Fragment,0.001817967,0.101895842990547,0.00801190149818022,0.0136,0.037174721
Fragment,0.002582853,0.358169503538659,0.0102956279303245,0.0176,0.06779661
Fragment,0.001762887,0.112834350130696,0.00772640280408526,0.0132,0.035735849
Fragment,0.001474584,0.0657038766404651,0.00679286106574082,0.0116,0.025247956
Fragment,0.002184712,0.14238330576472,0.00848340033737958,0.0146,0.037735849
Fragment,0.002633403,0.592065410276255,0.0101257568852913,0.0174,0.084388186
Fragment,0.002795438,0.62987610365005,0.0105293435905961,0.018,0.101010101
Fragment,0.002720295,0.832775408553888,0.010177601024714,0.0174,0.104712042
Fragment,0.001862402,0.331932435701896,0.00441752794992923,0.0114,0.035273369
Fragment,0.001823016,0.288073635876191,0.00433313835458985,0.0112,0.035971223
Fragment,0.001589028,0.244162329384844,0.00375849499706381,0.0096,0.027020681
Fragment,0.001887135,0.281534172714555,0.00441647556328523,0.0114,0.035898305
Fragment,0.001762689,0.227494364831381,0.00418504070485073,0.0108,0.029895366
Fragment,0.002326884,0.357770418917705,0.00479149298852953,0.0124,0.045045045
Fragment,0.001572976,0.151910544045107,0.00371628046031281,0.0094,0.023557126
Fragment,0.001931166,0.203758372039665,0.0043273667989139,0.011,0.028409091
Fragment,0.002105099,0.254068514462169,0.00456654636486801,0.0118,0.033167496
Fragment,0.001903886,0.198345794339446,0.00442152863070934,0.0114,0.030769231
Fragment,0.003009733,0.194618364326994,0.0065288592126666,0.017,0.040241449
Fragment,0.00252976,0.146375397879432,0.00627334599144816,0.0162,0.035735849
Fragment,0.003482348,0.155076239361521,0.00798598098130279,0.0208,0.046082949
Fragment,0.002552543,0.15210265891292,0.00658612124549085,0.017,0.033900369
Fragment,0.00305554,0.139544326572798,0.00671750075482009,0.0174,0.04
Fragment,0.002679545,0.262446090574843,0.00573954090900625,0.0148,0.0456621
Fragment,0.002894656,0.107976997051811,0.00693762819195668,0.018,0.038910506
Fragment,0.002893857,0.156845720807416,0.00619027647420261,0.016,0.03649635
Fragment,0.002787807,0.184092479996992,0.00662035828643828,0.0172,0.043103448
Fragment,0.002904201,0.246427092654357,0.00690784718610435,0.018,0.04784689
Fragment,0.001740289,0.254488461543747,0.00417387042396605,0.0106,0.03327787
Fragment,0.001925098,0.257537815659095,0.00448088827866205,0.0114,0.040968577
Fragment,0.001806142,0.187543972882726,0.00406054624243052,0.0104,0.027390244
Fragment,0.001619626,0.214639328769005,0.00419101523342157,0.0106,0.026075619
Fragment,0.00167143,0.202405190566132,0.00395136311799076,0.01,0.027777778
Fragment,0.001826392,0.253169666550495,0.00430078612694138,0.011,0.033167496
Fragment,0.001937634,0.248310434563996,0.00456576787123687,0.0116,0.03649635
Fragment,0.001899524,0.234553828848177,0.00415875900644294,0.0106,0.035523979
Fragment,0.002021166,0.195021366732895,0.00455645148633081,0.0116,0.037243948
Fragment,0.002182857,0.265850343081488,0.00462259942762553,0.0118,0.034843206
Fragment,0.002329768,0.130855256526302,0.00605073727201789,0.0156,0.034482759
Fragment,0.002117852,0.134588424310743,0.00516421624496673,0.0132,0.029368576
Fragment,0.002273014,0.16659260114386,0.00543554111136223,0.014,0.034467532
Fragment,0.002436774,0.199939784530085,0.00562927278756326,0.0144,0.03968254
Fragment,0.002423198,0.134230751103771,0.00612752881483992,0.0158,0.034013605
Fragment,0.00226653,0.118843000909657,0.00532775958157864,0.0136,0.027855153
Fragment,0.002482053,0.122707246316342,0.0058610322596682,0.015,0.031397174
Fragment,0.002614716,0.151271901409957,0.00647996072632888,0.0168,0.044345898
Fragment,0.00251205,0.163366798250134,0.00615119653872338,0.0158,0.044345898
Fragment,0.002440144,0.143672938321042,0.00564316454772038,0.0146,0.040194093
Fragment,0.001413932,0.0945662100959202,0.00207173674075747,0.0154,0.00773589
Fragment,0.001553735,0.0879068192107053,0.00224765621869263,0.0166,0.013368984
Fragment,0.001254669,0.0443114415037606,0.00202924548814782,0.015,0.007533333
Fragment,0.001543662,0.0793352663891255,0.00236937789866562,0.0176,0.008774576
Fragment,0.001756348,0.0722279299163795,0.00254904684949515,0.019,0.010498688
Fragment,0.001273567,0.0489875807777533,0.00196004004091782,0.0146,0.005050505
Fragment,0.001340718,0.0683668199216447,0.00209521341677056,0.0156,0.008067769
Fragment,0.001460707,0.113655451426952,0.0023297203711855,0.0174,0.009458571
Fragment,0.001401742,0.082059449697783,0.00221608600572485,0.0164,0.012746973
Fragment,0.001333964,0.0403310903939104,0.00222681966815807,0.0166,0.007447366
Fragment,0.001861531,0.107220069443889,0.0026046011424472,0.0194,0.008333333
Fragment,0.001665586,0.0456315373804487,0.00286071428200942,0.0214,0.011255167
Fragment,0.002097134,0.0898614867757904,0.00286535791812041,0.0214,0.009708738
Fragment,0.001676401,0.0558038712491293,0.00286811351593459,0.0214,0.011342228
Fragment,0.001678548,0.0704714414095899,0.00270127436933984,0.0202,0.007246084
Fragment,0.001949671,0.0512871107064204,0.00302684279819766,0.0226,0.009470987
Fragment,0.001758304,0.105668657626454,0.00277883059629544,0.0208,0.016420361
Fragment,0.001528301,0.0483983615783228,0.00262373362013703,0.0196,0.008992806
Fragment,0.001854533,0.0726679034915195,0.00267062322141931,0.0198,0.010557071
Fragment,0.002125587,0.0753086317329911,0.00322909532352931,0.0242,0.015029496
Fiber,0.001013252,0.160892412530852,0.00427946706519691,0.0064,0.023337223
Fiber,0.001115229,0.105991518073727,0.0042942665284504,0.0064,0.020833333
Fiber,0.000953507,0.0264258750482728,0.00382175419392877,0.0056,0.019379845
Fiber,0.001606718,0.0610131429322852,0.00586695833457702,0.009,0.022075055
Fiber,0.001139708,0.0804426690196195,0.00409707378425771,0.0062,0.01552795
Fiber,0.00127934,0.0906309833697501,0.00530010439770687,0.008,0.024479804
Fiber,0.001166456,0.0384028262485808,0.0052437688507502,0.008,0.015686275
Fiber,0.001132822,0.101822681080993,0.0053041982105578,0.008,0.019029496
Fiber,0.00139375,0.0650769201262723,0.0058658515960496,0.009,0.021762786
Fiber,0.000849713,0.0530229679737175,0.00386217688847216,0.0058,0.007996801
Fiber,0.001122332,0.143028233943849,0.0037025994288923,0.0054,0.015686275
Fiber,0.001254411,0.0965182890396402,0.00495174855502084,0.0074,0.024783147
Fiber,0.000643719,0.0290840491762431,0.00317316230285576,0.0046,0.010559662
Fiber,0.000943625,0.0200220957343447,0.00368746344024564,0.0054,0.013333333
Fiber,0.00116318,0.119379934430812,0.0041399950601664,0.0062,0.018796992
Fiber,0.001431618,0.0439150290920783,0.00597552220347773,0.0092,0.017761989
Fiber,0.0014051,0.0436389604120962,0.00597596512095801,0.0092,0.020639835
Fiber,0.001228451,0.0385709927742405,0.00541016628080211,0.0082,0.018198362
Fiber,0.001204416,0.0840716054670816,0.00417090695041843,0.0062,0.020408163
Fiber,0.001078273,0.045175818450955,0.00412642138163341,0.0062,0.017777778
Film,0.00130241,0.048169199186071,0.00383400268232868,0.0098,0.01532567
Film,0.000945978,0.0223643536534301,0.00267002055681921,0.0068,0.008028904
Film,0.001036934,0.0185341882204163,0.00329918503054642,0.0084,0.009560229
Film,0.001172154,0.0275033743897306,0.00322210448721953,0.0082,0.010012931
Film,0.001073998,0.0251990279684804,0.00286372006898454,0.0072,0.009225092
Film,0.000938224,0.0213265269533733,0.00313596947396148,0.008,0.008853475
Film,0.001010671,0.0183347474356736,0.00329411494082138,0.0084,0.009157509
Film,0.000897379,0.0343755488451446,0.00264320213647182,0.0068,0.008949774
Film,0.000823015,0.0209671757639281,0.00248431554949192,0.0062,0.007160412
Film,0.000756879,0.0257800383351599,0.00235738217633429,0.006,0.00697107
Film,0.001130627,0.0143233734957769,0.00342409230219836,0.0088,0.008420738
Film,0.001356902,0.0116751017316804,0.00431335060666653,0.0112,0.008932711
Film,0.001447857,0.0124159703336139,0.00456346006766371,0.0118,0.009277492
Film,0.001788325,0.0211708167511635,0.00551713946279769,0.0144,0.015710919
Film,0.001224851,0.0125814610362707,0.00409727696182523,0.0106,0.009066183
Film,0.001874491,0.0434160081290088,0.00491444832947608,0.0128,0.019880716
Film,0.001748718,0.0298420743446279,0.00502478354666839,0.013,0.013218771
Film,0.001980079,0.0134642315771924,0.00592299005525974,0.0154,0.014164306
Film,0.001965935,0.0256010102927596,0.00556855655793781,0.0146,0.015452251
Film,0.001470483,0.0155493260357608,0.00455578468614769,0.0118,0.012091898
Film,0.000967263,0.00567731939183674,0.00383852258108251,0.0078,0.00664697
Film,0.000625814,0.00928665958310461,0.00259329104513224,0.005,0.005163956
Film,0.000697517,0.00794968205678084,0.00302613548390879,0.006,0.005817336
Film,0.00074577,0.00999245482903146,0.00303078483575048,0.006,0.006118079
Film,0.000722449,0.010860256667736,0.00271408024680317,0.0054,0.005899705
Film,0.000788476,0.00695688471649791,0.00350889140823475,0.007,0.006830836
Film,0.000836086,0.00633914708132321,0.00361019157101334,0.0072,0.005132153
Film,0.000656389,0.00922300864777753,0.00254826661144678,0.005,0.004539265
Film,0.000641466,0.0112522013393101,0.00263689613091391,0.0052,0.005502063
Film,0.000808196,0.00741861673206967,0.00342213120061813,0.0068,0.006805036
Film,0.001112342,0.0106031251826439,0.0044187037971297,0.009,0.008503401
Film,0.001091642,0.0138611083160537,0.00444350650365203,0.009,0.00856898
Film,0.001096891,0.0611262058652282,0.00332490746549978,0.0066,0.007538636
Film,0.001142018,0.00463712585471378,0.0051075765772677,0.0104,0.006928904
Film,0.001132298,0.00564446175617915,0.00493000394725231,0.01,0.008421053
Film,0.000960498,0.0065147011520963,0.00407788930878541,0.0082,0.007412898
Film,0.001453873,0.00769063045859797,0.00572724987221537,0.0116,0.00911577
Film,0.001312777,0.038718372041844,0.00454127156116225,0.0092,0.006785004
Film,0.001096891,0.00634608923266282,0.00488577313654547,0.01,0.006874283
Film,0.001080991,0.00492837454896964,0.00446322483504186,0.009,0.00669344
